2547
27478
55668
55697
55706
55712
27576
63769
30937
47665
68841
56274
65989
7796
75931
75970
38124
78228
33429
58905
79488
26382
81494
12785
82961
4997
15475
60383
83732
15537
24641
45250
46411
84867
20556
46854
50838
66605
13814
79985
39461
87744
87747
11180
29269
43728
60416
15341
41420
50850
89091
57636
74231
75092
88146
89666
15958
27668
30647
90290
21327
60609
64502
64543
82832
35463
60155
72680
6949
90802
42514
81387
92189
7533
27009
67708
15359
17883
27228
31043
92955
93475
93506
138
923
3855
94045
17019
94842
94845
