8028
49519
49566
49656
49726
49727
49789
49837
21074
25669
60856
60884
27787
54150
66586
66604
66612
66682
41426
71256
6200
26411
74632
12345
77384
2740
39896
40163
79939
15369
80845
36396
38224
46864
59146
82314
8184
47358
49300
54707
73938
83355
43447
47055
72593
10276
18835
69512
17872
43870
55688
63759
86482
9758
30034
59672
6990
40851
28633
53150
79176
34171
35403
53994
60060
60482
33714
47457
50949
57851
90079
26660
90499
47429
57831
91028
37505
74946
8689
68309
70057
91992
34959
25912
43146
70333
15198
89019
1130
65863
2172
49949
65150
95455
