18611
46883
46886
46910
46925
46929
46976
47056
35302
59380
59404
59526
59532
9112
11690
64946
52591
57263
70940
38785
56226
74371
4112
57841
77037
431
14762
38062
74993
12736
18976
64740
6804
11381
48428
82072
20910
66393
1370
59848
31864
76871
37292
85022
60123
86666
14006
16602
81992
85925
87954
12587
26201
60901
75672
25810
64144
17447
52140
1948
19922
34722
85236
34035
90961
11113
91394
27955
29436
39358
66988
67167
82472
16075
55652
50444
91587
93140
4272
86627
11299
73482
23092
67550
88822
95364
