158
213
228
249
300
356
371
381
385
629
648
676
749
795
829
848
880
916
947
970
975
985
1016
1045
1062
1091
1113
1114
1173
1193
1282
1421
1458
1500
1616
1649
1655
1755
1808
1882
1889
1955
1964
1968
1968
2077
2114
2120
2128
2249
2253
2358
2370
2387
2425
2538
2581
2590
2628
2639
2760
2821
2831
2841
2879
2976
3001
3012
3057
3097
3159
3161
3241
3252
3257
3270
3287
3305
3468
3514
3556
3567
3580
3694
3704
3726
3764
3854
3900
3932
4055
4082
4092
4097
4100
4138
4145
4212
4212
4254
4262
4317
4389
4412
4514
4530
4551
4605
4639
4641
4714
4719
4739
4837
4850
4866
4879
4909
4960
4973
5006
5047
5074
5079
5297
5334
5406
5413
5453
5474
5488
5540
5569
5574
5586
5644
5655
5686
5708
5813
5828
5845
5951
5960
6049
6049
6146
6280
6313
6341
6370
6506
6635
6684
6758
6771
6807
6916
6926
6942
7009
7032
7062
7156
7193
7214
7304
7377
7396
7410
7469
7506
7513
7617
7630
7720
7808
7819
7850
7947
8058
8066
8068
8077
8106
8139
8327
8452
8458
8555
8637
8724
8743
8790
8812
8843
8861
8870
8939
8948
8954
9041
9119
9121
9134
9325
9330
9354
9366
9404
9413
9430
9452
9494
9508
9750
9758
9822
9834
9898
9969
10159
10185
10248
10314
10329
10358
10381
10397
10419
10459
10524
10534
10555
10556
10606
10627
10649
10723
10738
10760
10762
10820
10893
10900
10941
10943
11028
11032
11073
11085
11099
11199
11204
11214
11254
11308
11336
11350
11395
11467
11506
11582
11599
11618
11661
11662
11759
11925
12092
12104
12105
12119
12178
12181
12226
12324
12331
12370
12374
12388
12459
12478
12528
12531
12571
12601
12691
12753
12831
12859
12872
12873
12913
12940
13074
13088
13162
13184
13210
13228
13261
13281
13407
13484
13497
13558
13570
13577
13598
13603
13668
13727
13738
13751
13767
13885
13910
13980
14037
14120
14173
14177
14225
14225
14229
14244
14334
14380
14397
14498
14536
14597
14629
14631
14716
14730
14770
14790
14808
14887
14903
14907
14909
15006
15088
15125
15126
15130
15154
15168
15314
15340
15428
15442
15489
15508
15569
15584
15638
15659
15700
15738
15783
15797
15828
15868
15877
15900
15924
15985
16017
16054
16059
16070
16145
16188
16253
16327
16372
16430
16557
16559
16603
16689
16740
16811
16886
16906
16911
16947
16950
16958
17021
17053
17082
17132
17142
17277
17281
17367
17422
17458
17533
17617
17625
17639
17661
17730
17733
17751
17752
17802
17832
17842
17879
17881
17890
17892
17896
17910
17972
18028
18045
18073
18084
18093
18103
18177
18219
18243
18247
18292
18295
18300
18316
18355
18363
18386
18436
18436
18552
18584
18608
18636
18678
18760
18817
18848
18875
18903
18909
19061
19309
19319
19329
19332
19417
19425
19442
19485
19494
19521
19535
19553
19595
19615
19650
19692
19714
19725
19729
19733
19743
19746
19790
19812
19867
19887
19908
19950
20067
20126
20150
20241
20264
20294
20304
20340
20363
20377
20458
20487
20520
20525
20571
20601
20603
20728
20755
20793
20796
20804
20813
20858
20949
21084
21087
21127
21127
21162
21214
21322
21453
21480
21526
21587
21670
21673
21767
21776
21878
21918
21921
21951
22028
22032
22119
22172
22351
22393
22420
22433
22442
22464
22466
22505
22508
22571
22581
22582
22583
22584
22594
22644
22659
22691
22736
22790
22791
22827
22895
22958
22986
23018
23088
23107
23127
23329
23384
23406
23421
23454
23510
23566
23622
23623
23623
23689
23705
23711
23794
23794
23804
23834
23845
23896
23897
23924
23977
23990
24026
24253
24254
24321
24406
24427
24435
24486
24533
24554
24560
24586
24691
24692
24768
24790
24990
25009
25042
25068
25119
25168
25171
25212
25243
25267
25270
25280
25433
25448
25496
25535
25602
25628
25684
25805
25805
25972
25989
26004
26052
26053
26110
26117
26181
26207
26222
26235
26270
26287
26295
26384
26391
26577
26661
26663
26739
26825
26833
26866
26871
26990
27047
27112
27213
27228
27256
27277
27293
27298
27305
27330
27338
27338
27346
27352
27362
27417
27545
27558
27577
27593
27639
27655
27691
27785
27847
27890
27892
27922
27934
28015
28034
28083
28147
28207
28269
28278
28315
28325
28364
28404
28441
28472
28514
28572
28578
28596
28620
28647
28648
28675
28741
28761
28964
28983
29238
29259
29272
29300
29313
18113
56546
56556
56566
56584
24656
64153
64186
64198
20617
69396
15583
27760
63819
73281
73302
38101
76239
1451
55700
78598
10140
80478
80483
11402
62620
68709
17162
53961
31970
36185
81124
36354
65243
40679
86076
19107
84422
87132
87135
87187
51897
30220
44125
75724
10019
89132
539
75455
18753
47381
90363
30872
33919
90835
13739
15160
72477
91246
5596
72357
10115
39132
52739
57770
31547
61263
87134
88066
2769
10727
83225
93557
11681
13079
30687
43315
94109
13251
80703
94965
