16726
21485
50760
50774
50784
50794
50819
50875
50896
50910
14810
60409
61034
61059
26128
40286
66791
16644
64650
19285
69037
39839
77523
77560
39274
57406
70440
24343
53676
18461
28054
30979
43526
74785
26616
36172
38377
43328
64476
27089
64642
47494
62620
85402
837
86513
86574
40759
87558
25940
50808
70719
6665
56832
58695
21348
74989
7307
39037
90079
46273
84586
29733
84304
33256
41007
44415
57680
88239
44109
84366
30002
34401
69272
79469
2263
37353
93293
33441
82402
28488
64569
80395
81236
94425
24240
95469
