24075
53212
17166
46472
52324
56169
57834
61637
61700
61703
34059
67239
53439
71802
12788
29354
75023
75057
1688
77629
77646
27646
29901
80067
27592
81015
1591
23093
82469
17851
33535
36697
66761
47415
84622
46128
57821
60001
77790
85630
18795
32632
35385
86535
86735
11771
40673
71274
87617
53965
9806
20474
84517
13573
32600
37523
89393
22621
23196
80186
35320
85595
37130
63704
25695
53726
73450
76406
13458
20820
89219
92058
29710
44007
83014
84597
39330
92520
27302
37558
93852
10819
45775
94480
