21020
50599
21973
62340
62399
62420
62476
19254
30179
33081
67570
5377
30272
64656
4839
43004
65124
6632
24283
57081
57892
57964
23191
80099
12223
33991
35953
53481
81197
81223
39618
44653
58734
82559
36424
67405
69906
83489
45339
64633
45155
57170
13721
23827
86905
13992
27973
87635
7643
68458
27216
65261
88981
27842
89452
89503
25761
43642
51593
90207
90208
17500
31926
62147
90576
90593
36711
82709
91132
25585
90477
89
918
84276
30463
30654
52669
80034
82839
25982
88207
93370
20088
38286
81682
49084
91132
94648
