18255
22309
56029
16118
63906
15640
29764
69114
16096
72879
6963
28601
46739
76098
76104
7405
19189
78346
78374
28108
57905
65030
78017
3695
21681
50510
56966
9186
35639
45548
62291
69631
22358
39055
83815
22454
27275
29707
76952
84916
84945
84952
32657
38917
65546
10891
31679
73705
77728
87070
25492
59291
36639
61353
62807
46863
37539
57116
65013
89728
17852
75028
27578
90734
90740
1361
50116
61469
15387
19787
91741
35649
36474
87930
92195
15120
29729
87190
92823
51460
93527
19786
89286
94068
49065
75333
83871
94919
