10952
44913
44996
45016
45065
45090
45107
7297
43803
51523
58754
58791
58805
5681
28315
39377
65597
65601
65666
65675
50767
17967
46399
54334
61090
74013
74050
74070
74074
13239
76759
76775
25548
50690
79169
10847
25844
40665
80698
24531
40104
47352
72694
6709
74565
83168
9624
62021
81629
122
78483
50495
24685
68948
39689
60435
20635
49207
64918
36883
60333
65508
18252
85098
8160
22646
78053
2196
89984
42747
45656
64975
33349
74563
17963
27464
35968
92377
7517
19552
74810
883
70748
30023
79195
38149
69761
95261
