27656
42271
42375
42465
20342
57450
35889
59698
11402
22600
38233
39109
58072
62363
19237
73763
21218
71659
76420
76424
76629
7358
26371
79048
49005
53710
76102
22378
42150
50115
68719
81821
21153
40532
83121
18929
62324
79459
2284
85150
85176
30822
86151
26593
30509
42641
74513
8434
87876
8993
88693
5041
80493
30035
56467
76944
78292
2246
43061
77046
32138
47262
48324
67625
91348
91357
23275
56990
10096
88649
26004
48565
92944
35235
68686
88055
11545
30492
94199
1692
41424
66525
67370
76354
95194
