18682
47607
47684
47685
47762
47763
47766
47874
47922
47949
48042
48056
48092
48163
48175
48185
48284
48302
54710
6539
12257
66306
7929
44697
50687
71093
10781
63972
38665
77323
10249
52873
79680
79683
79717
15905
27324
70137
44511
82171
21608
56210
61417
10413
25065
67134
80430
4132
38488
46476
71944
39874
60781
71468
86409
38805
52716
76586
13651
62248
64791
81929
14505
70442
70452
87524
29057
75191
78465
28554
40775
68066
5276
10720
14073
37351
90491
11670
84273
88284
91009
16629
51170
66272
123
28908
37623
66718
79647
3892
75687
15179
93214
93227
4439
79722
93732
93736
37272
56823
94375
20787
31475
72211
95402
95407
