8919
12885
45842
52352
52365
52388
52397
52490
52555
52565
52665
52677
33944
50295
61384
61443
50510
54882
55852
64472
1489
24607
44794
71621
71656
17145
48329
61346
74906
31055
34748
46974
54085
77583
48526
63695
22550
80185
80984
28075
68865
17988
67408
75349
1376
21477
84586
37068
52250
85491
47426
86671
86671
3254
29788
72474
48200
62529
9443
53867
24652
25741
74169
4940
84446
28092
56096
57529
72521
82795
90550
19572
43628
46905
51009
91078
12014
79534
91534
28136
55314
62790
66676
22884
86329
16337
70322
30596
76290
93842
36977
43245
91347
93977
32481
75510
95559
