11742
13406
43535
43620
43650
43710
43718
43721
43765
43769
43821
43857
36288
57641
57673
57786
57822
57856
57892
57933
57933
57935
57937
57952
6686
25322
49716
62306
65376
65448
38968
70022
7742
11076
43415
54408
62159
73814
73822
28701
60414
32812
37126
57012
79065
79068
79097
47587
76597
16395
81920
11652
41191
83132
10398
19715
37969
53813
38499
72287
83609
63459
78341
86176
16872
87257
22612
40997
87880
21438
34252
36188
64181
10402
42652
67338
3238
20874
28075
74909
17077
89350
90421
12582
90898
20040
56409
91378
44024
51367
91835
15115
35997
87293
92355
29722
89038
22378
45266
52300
85227
94217
3675
94680
95205
