8006
44343
44409
44427
44500
44509
44517
44518
44549
44588
44653
44658
44712
44739
44854
44905
12440
58554
58591
58667
58737
21017
31562
50339
18346
41053
70127
29757
73986
32098
49843
37631
75209
31869
49270
117
81974
82000
82002
25072
62432
30723
74277
33101
43615
85182
6911
45671
53135
69029
86233
9750
13530
77625
26057
87890
58629
7249
89260
89280
16437
73968
89958
1374
82876
26823
74825
90263
32986
86683
5748
80859
91898
9392
77725
39004
72476
78018
88736
92983
37300
76035
29801
80160
94225
77432
95234
