10827
45503
45538
45575
45591
45683
45798
45832
45842
45846
41638
59209
13582
65703
25754
29831
70649
35166
74229
28455
38853
50337
76937
76964
7449
79345
79371
40
73078
25962
82039
21904
50505
60354
79604
13445
84324
4300
52801
58818
68502
72656
21916
30504
39333
42998
58126
60706
5038
11923
64537
80544
87430
21276
24634
44690
13133
14757
16254
26757
42960
88811
2045
66418
52454
69752
47193
65796
29462
36483
84961
23
11840
52067
66068
75560
8062
38411
92410
92419
13234
51501
52024
93005
18875
79070
93684
21718
88818
5302
8452
70566
95285
95286
95288
95315
