17520
33046
40088
45158
45194
45226
45354
45440
45494
9279
27337
59072
59153
59160
59191
27706
65698
7197
46605
62066
70432
70539
70572
70607
11605
30098
59651
59787
76920
21857
24479
79315
29445
58122
14311
49627
57467
81029
82026
42478
47123
7445
74201
6988
85211
9039
86274
50035
3582
47038
77857
87950
14071
81239
42795
89305
7375
90014
18151
32705
90438
40199
74096
51158
63798
91380
37821
53265
71929
78125
4750
61248
75620
14066
77002
42905
67836
93676
14550
35329
80164
5863
9689
63701
95284
95284
