18764
50610
51400
51428
51439
51485
51694
51737
51757
51796
51842
51867
21136
61153
61161
61182
26318
61188
66859
50067
64889
52136
74791
6112
77566
37570
41984
79459
79944
1520
53952
80930
22002
82431
1620
44899
83358
47122
47781
65789
41355
50402
81522
24509
39364
86637
547
12888
87567
31837
83312
87993
33212
88960
24012
83478
36869
75760
90095
38131
55648
17525
80040
89271
91050
6829
35049
66658
91484
17679
71947
52728
92562
12665
76854
93294
44073
68659
78743
93780
21510
63831
75039
19654
95533
