8713
19420
42097
42116
42167
42209
42255
11657
55547
45223
65155
3590
69997
3764
43751
60020
69983
72802
16864
30628
76414
7290
48327
50643
79031
43315
46909
65269
38649
81778
11269
68989
70785
20866
38395
84156
84178
13750
28978
55227
62462
78257
85131
19907
32038
50154
51728
3092
17290
75746
87234
20307
87139
87871
87873
23163
80748
38094
40335
88360
18131
72932
4663
34812
51262
73519
38569
85879
41778
62939
89423
10515
38098
78835
91806
11805
35677
92347
18504
90771
1218
83542
22989
71473
94175
94197
3078
55434
95187
