1605
25746
56173
56408
56496
29842
52656
55049
4333
69127
69186
69230
30055
72959
31342
63473
34556
40740
8587
80411
35268
45968
69372
81636
20021
36087
46859
47639
82982
16632
38006
46849
83845
17152
68223
84966
85011
9399
29158
82046
16790
21662
28474
83678
25846
43811
74456
23206
50099
7764
81682
27659
37165
80649
17901
36552
53946
84849
28720
62767
70531
77818
85772
41579
86983
32646
57276
58754
70797
9043
49243
59235
92227
34959
65264
92852
11812
79884
89051
93258
36287
49124
60815
92698
3352
49890
91316
94934
