6254
37299
37320
37320
37336
37408
37459
37521
37587
37705
37707
37763
37772
37953
37957
38012
38012
38114
38128
38201
38208
38214
38285
38334
38346
38350
38481
38597
38632
39472
50344
50556
54418
56810
3948
7517
64701
5013
69569
7594
63105
73455
73528
13157
76291
22665
78613
18050
65306
73414
22644
34145
35604
64088
6884
35445
47527
54855
8426
83960
83977
6547
72989
10581
66165
86100
19950
87196
30653
49371
87833
20550
88544
88548
40374
87782
41047
65599
89472
1000
63229
34996
43370
65532
84355
35758
91273
91281
12368
35913
52003
91781
41055
92271
16284
22713
92864
92875
10313
46271
88499
90479
92252
6663
16240
73814
94142
37822
57551
95014
