36606
38877
38906
38934
17746
43681
56841
56846
24446
34549
45692
63638
8247
13716
17391
48854
15202
23246
35894
50314
56008
57398
71686
35374
48649
47417
67895
3090
80510
21794
24415
72389
34137
75017
10965
84093
44330
78867
42181
5873
59122
22487
35691
62504
87841
14397
17042
88549
36874
43696
47427
7512
26474
47501
51614
84111
26525
90366
90387
31063
50710
54509
1968
44316
58377
64484
71748
91177
26365
39988
87970
12832
92335
4744
33079
92894
34585
49909
62725
6815
87496
94148
22239
36141
47686
95038
