19086
35501
42081
33597
41939
57377
57379
57388
57437
15171
46619
65099
65125
56243
20496
26578
70940
19870
27161
59435
22579
39817
57971
78901
14728
16947
80663
1371
40217
78881
21019
35919
52251
74039
43412
56104
3141
9695
46315
64629
78824
30363
63616
10493
48170
26410
27581
62219
64015
20386
28223
32575
57545
2651
36979
65310
1599
65808
84265
12010
45005
69395
3984
86104
42307
72526
16498
39426
88645
90758
30369
83905
17136
44274
64943
92924
28408
53687
54692
81969
93594
41307
40417
46824
95175
95178
