4750
12015
42950
42961
42966
43004
43007
43030
43041
43057
43095
43198
43206
43206
43242
43315
43360
43483
5924
43860
57632
8171
28371
65222
65276
65283
65363
49833
55130
29893
32429
66823
73808
73812
22558
29560
76670
76700
10357
74986
32194
72828
23510
61261
69382
81864
526
83122
36191
45800
81996
84210
12691
80157
5831
84921
86160
32114
61789
26766
52798
65534
66621
74118
87876
18897
25699
66694
4126
38624
63972
69426
89229
22942
39320
56120
73771
36492
60350
90893
17764
32742
80143
37444
73270
91834
17020
64965
88982
92348
13396
77321
24572
44163
93613
23601
43636
72042
35227
44339
95204
