20894
24383
48374
43200
47679
62874
62908
62965
62999
56144
61392
55229
72398
1889
5273
58849
8333
32356
49010
62178
12937
76729
80214
39088
68397
13703
52219
53246
74654
6964
20538
60008
69783
80354
83527
12325
45250
70585
798
47289
83525
85801
23479
86966
86985
5480
77841
33398
68643
75877
36587
65710
31121
31435
37340
89537
89550
8999
55524
3890
75816
7921
11082
91146
25484
26922
68336
78758
79073
91678
14212
38516
51313
67307
92092
8148
50716
71234
92739
16436
53758
93406
24814
93962
93964
5995
9462
90195
