17196
43004
50534
32088
45695
60939
60987
61010
17376
66725
66774
21039
48774
71261
71293
71293
3763
37558
47832
74756
74758
13445
26178
77499
63873
17026
80880
80901
33643
51283
52164
82409
29810
79450
5132
73414
42293
46770
48241
53630
74339
13717
34594
55800
76885
40637
52026
68464
87503
14380
24330
75594
16613
43664
47361
88941
4948
88914
17386
18715
62486
32527
60333
5322
26857
43377
55308
62442
6647
66386
67418
10369
88025
22792
79935
81735
92557
12106
93281
6691
19136
47298
64425
93759
26799
60789
94424
29540
40580
95467
