5430
13201
39160
43889
43928
22622
29773
42413
58104
58129
58178
58215
58222
17796
37091
65451
39088
66714
70088
70093
6711
23939
73835
49271
53503
56372
41860
46385
80685
18774
27803
67488
14229
17354
39803
69259
3409
84212
12911
65347
74984
3888
56534
86186
86191
28473
57090
42831
51235
59261
75737
18558
26691
33017
66124
75134
76124
787
42433
48056
48639
80806
83303
24284
68035
27992
71863
90424
25225
36838
63013
78972
10088
72273
42336
51011
91855
91863
11192
69902
38812
39365
40475
60784
75620
9750
87995
93615
21101
46856
94219
8418
53187
60357
62221
95205
