43430
52648
53072
14575
33844
63689
63718
63732
9753
68765
68827
17892
72654
72697
72768
72774
72788
8403
8448
17654
75930
46571
35107
64886
154
81416
81438
81479
24099
45996
82948
20291
71443
75175
83702
83720
14953
52417
79153
34912
36455
48388
71183
10032
45041
57336
7212
87728
87733
22079
43481
52574
81196
26060
46995
60532
17549
81036
39531
90286
38482
41907
54232
12110
80180
91185
91186
91187
9555
38855
47740
60450
25161
49034
54284
83057
92178
48481
62587
70578
3441
50589
87273
40588
73609
84291
94039
14699
23801
33025
87597
94792
