5196
9174
29340
29505
29508
29621
29682
29687
29694
29707
29753
29789
29801
29815
29836
29859
29867
29977
29995
30017
30089
30096
30135
30154
30207
30244
30276
30301
30405
30461
30468
30481
30487
30503
30574
30581
30585
30625
30732
30739
30787
30838
30865
30892
30894
30973
31018
31020
31039
31050
31081
31162
31188
31321
31436
31443
31463
31482
31505
31593
31597
31684
31731
31797
31797
31811
31832
31899
31900
31969
31979
32000
32033
32081
32091
32107
32273
32467
32607
32624
32668
32710
32868
32872
32877
32910
32985
33007
33047
33054
33079
33095
33100
33122
33149
33172
33182
33254
33310
33387
33395
33401
33472
33544
33629
33672
33707
30380
33583
44924
49296
56586
57772
64236
64295
64302
64312
64367
64386
35638
45289
47424
69493
29009
52720
73351
73352
73359
73362
48837
66416
68534
70284
24367
78604
38794
47724
48465
69898
21582
27456
81677
31256
60451
72515
37399
83865
5367
8606
72434
51314
51665
73626
2425
9391
35021
39543
55393
48581
60171
18302
83576
27110
65330
78825
9722
85623
89752
13360
27593
66815
83489
20472
89273
5531
62269
91256
2260
9031
43327
50324
85974
22811
78197
22390
27755
63763
83498
33346
92731
15129
77826
93299
13108
61735
93539
94984
