16328
54659
54708
54794
54807
54841
54880
54952
54955
54992
55013
55074
55099
55133
55150
9943
27711
63381
63392
63412
63565
2960
68071
68121
68134
68178
12873
72508
72509
17352
75533
75537
75583
75588
9324
15559
35658
77995
78039
1398
50712
54071
77821
39767
32040
40190
81710
45861
52816
72631
76974
535
25238
84811
31880
82317
45970
60311
35526
22807
25442
57083
77526
6305
56429
69543
19762
34320
39236
89596
19629
59882
75362
10799
66228
67719
2502
44546
47425
58035
70741
75132
9099
57139
27483
78547
92143
92149
92157
92168
7117
92760
28073
46790
53087
60506
79396
93419
11181
26940
57603
82765
93997
34391
94720
