570
33769
33813
34004
34041
34150
34219
34228
34233
34270
34270
34398
34407
34429
34448
34491
34532
34627
34711
34737
34745
34745
34860
34868
34912
34920
34926
34936
34973
35061
35202
35288
35305
35378
35498
35535
35539
35557
35593
35606
35610
35704
35710
35717
35740
35775
35806
35817
35871
24843
31110
56595
56619
56672
2124
64538
64612
22299
43262
69496
18026
64652
20359
30763
55303
22606
30303
38357
41242
47119
80487
54
32639
81692
36257
42913
68609
19655
56415
83899
45148
47077
79506
29867
50059
70120
71282
16534
21859
9849
87807
21502
72008
16456
88401
89146
44089
62908
89779
89794
36448
78063
9864
20836
83503
31267
47437
91269
27793
91745
32053
34316
42351
80741
45018
61216
92859
13148
29334
37453
85490
93561
16617
26908
94119
18075
30565
52103
94995
