26920
40236
40243
40353
40400
40495
40579
40638
40644
40717
40792
40842
40946
40983
41005
41054
41057
41057
41065
41080
41119
41145
41156
41353
3310
13812
57172
44040
64875
64909
64939
64953
64960
8714
35516
69758
15508
41829
44253
49166
73717
73737
10436
48544
76347
35026
54769
78879
39071
80594
37417
73222
28414
66373
31121
69623
15599
77893
6885
34584
51667
29101
61052
14754
50608
81312
84266
20741
88584
25952
75058
29442
60275
89939
24963
50129
73561
6353
6902
53952
90858
90886
15249
23176
36757
66376
29925
66848
20825
23565
85496
46389
69728
19502
93576
93588
5202
87059
1186
82927
95087
