20283
35465
55866
497
63875
26937
54798
68885
32277
72546
55428
39715
52522
52653
72552
11960
80336
80368
2534
28344
30296
81506
81510
81515
211
4218
71914
75586
27626
31566
43904
73026
83760
5870
27425
31945
84868
45262
67412
85989
17211
87063
38093
74883
21492
67547
88465
14763
87178
2150
11119
11560
30950
48249
60428
8815
43362
45586
83764
23050
41950
90714
41003
50168
75571
91208
36823
62570
91714
91725
91726
9091
67710
71187
39709
87732
57250
60114
71650
25528
51699
82864
25524
88425
94858
