18078
45108
24012
58881
58885
58916
47233
11002
42310
70150
70152
70222
70240
70283
70300
70315
70323
27641
39634
66400
74193
12407
76788
47146
58621
79222
79244
27856
51545
54900
68336
16833
28572
70971
19407
81017
28710
81927
82134
84215
27108
42181
46047
58800
69173
36542
73029
15986
43559
58303
71796
87291
5175
68297
72292
77033
87906
45205
72734
88723
248
44474
87585
13131
60039
61191
89981
14378
61411
69591
75608
90437
8735
89097
8134
11149
49000
59296
65525
15047
25544
50965
59060
77774
33813
58342
12465
85642
18171
76988
93640
10086
78374
80494
94226
45367
60914
95267
