12752
39687
39715
39745
39771
39788
39793
39794
39798
39812
39888
40010
40030
51446
55697
60420
64813
10373
69652
69662
69667
41229
73647
73696
5320
11069
76341
76345
14558
69763
73872
28638
48849
67687
80279
80529
80571
54455
54663
60082
78026
33523
42506
18366
29719
59377
69582
84120
31390
32757
85073
37357
83363
30739
44377
73556
19357
30610
50184
86381
10358
21692
62960
30550
87090
89218
6813
23279
89819
481
18802
28931
46000
65731
44249
59323
38008
91285
44871
91784
20889
65288
92336
13478
64912
71004
45970
61812
24662
90247
94162
6379
64235
95046
