3871
44039
44126
30062
38247
50136
58337
58348
58369
58410
10846
29323
62303
1900
19957
70110
26262
72779
73881
73893
73896
9339
76731
76743
11231
54485
2440
38389
56079
72592
77454
12943
75372
50059
71774
83160
3613
7165
82152
7062
51656
53888
63950
37268
82521
18414
45224
87267
87286
32963
35483
64083
65324
9495
88703
47117
70399
73448
17723
33660
39079
46251
82800
12787
57082
75986
62271
79485
19374
82798
20283
84689
6699
59027
90005
92366
18692
18755
70854
82493
92960
92963
30135
65347
69653
19375
75766
85656
94222
56320
95210
