35496
37745
51947
51985
52017
15337
19224
60979
61205
61213
61293
61310
48017
66891
17109
71375
12
57774
74859
74897
8475
42009
68498
10644
79946
30850
51376
55457
21446
32150
43321
82432
82434
25675
79063
80913
10504
84581
30685
85490
34970
83889
26849
87617
42840
73621
73796
84596
85945
88087
292
76627
25125
35008
64173
88594
6126
90141
47596
51901
71408
6337
90299
15746
28375
78885
64804
5022
63216
66982
82171
92568
61377
64676
21988
47576
93795
29846
38808
75135
94442
56718
60619
65317
95537
