28142
40755
32544
62101
62104
62133
62195
62197
62227
44276
67515
67522
20251
72110
9167
16894
47828
75268
15844
42348
66233
5351
72699
4426
81171
81212
2206
49012
49356
50877
82551
35126
54767
5339
65524
73776
14908
30896
44865
16851
27859
42814
52558
57968
86851
24490
85118
4520
88268
41862
74621
9155
25544
53966
73340
21614
27751
90200
5981
61545
90564
5838
27765
72877
84421
171
6651
7667
86250
91638
45614
51275
54757
24051
48403
22065
43481
62001
67623
93355
7938
54888
55004
11694
19919
78163
94592
94619
