4707
49241
49404
15626
23224
31101
60763
60819
36448
42466
49888
20609
71188
71231
5196
38572
38773
49726
56979
4202
69937
77364
7501
25489
79742
79833
2206
22020
79812
80820
17991
28683
33823
67107
4533
7084
73371
24686
28021
72177
82593
83959
45087
85311
14996
30815
86468
6408
64285
70858
75207
13451
35732
53980
65022
29601
59759
87033
88924
59489
60982
62401
89339
31623
40891
41909
43892
47125
72073
12336
39565
44466
53800
64392
3111
9319
27122
67349
116
35490
91466
91473
46017
47919
53117
79357
7392
66787
82647
92542
92545
20312
38582
68290
93263
37287
62701
93757
57955
94418
23551
49404
53045
58303
95454
