7185
20370
31909
36459
42547
42579
42625
42628
42673
42800
42826
42862
42870
42922
26341
57494
57539
57586
57630
20741
52823
65204
54972
67057
24374
36673
73797
73807
22263
76665
5076
59100
7570
18628
56524
80684
1734
78708
81835
81848
81860
16409
38699
43185
51752
67364
17289
55473
77290
84202
7329
57604
37806
66846
27987
44371
76180
24772
25904
52796
56121
85926
20305
58939
62286
18722
28200
48792
87820
36624
55262
81796
89953
3777
22153
69609
34210
43357
12466
45243
77426
22761
85538
162
50388
59057
85498
47334
47723
53539
74611
18190
54302
75348
87961
92893
93600
5842
76346
24003
61260
70085
95203
