8634
33102
36451
37640
38959
39030
39035
39064
39098
39110
39117
39149
39242
39247
39256
39269
39358
39411
39418
39421
39510
39526
39530
39540
39660
38428
56920
56937
56956
56968
56981
56984
10993
64786
2627
53561
57727
61475
69647
16825
73635
43099
53878
54513
7595
78799
78835
24330
50277
24810
24983
81730
13563
19063
44918
83072
32036
63684
368
3497
85072
24875
47712
86111
10931
87211
35941
67091
78983
87858
48789
54966
58401
25563
89163
89186
28450
59495
63356
11976
90402
10198
66802
90842
19854
38879
73360
26909
70133
12264
20872
48667
72591
6966
26058
92910
54301
78170
28931
94149
94160
65521
95043
