15545
27831
44867
55409
55435
21431
31578
41222
44604
44960
47948
63662
63669
63673
11485
31217
66566
68456
68488
27567
27735
43302
48702
57946
65274
70153
72640
17081
19042
75774
42045
78101
36085
46340
49321
63137
27465
57346
28759
82908
82915
21672
36053
46133
83701
4014
25517
80412
84864
15284
52176
3602
49717
3592
26252
87373
87725
19917
85439
12235
27856
89056
4963
73609
6829
43384
63074
56675
27006
84903
20696
27293
37178
38769
58306
63012
91708
38350
77861
90264
92176
49960
82816
1618
53763
54230
8022
62228
87118
14392
36268
72426
87799
94755
