13574
41593
41627
41649
41689
41737
41759
41809
41845
41905
41937
41947
42051
13581
37787
3874
65012
65057
28367
69979
3998
73748
49690
59699
34948
40000
66743
14611
34721
38372
60377
69449
2376
81763
81772
1968
78459
83072
48466
84148
44368
75171
20925
48950
72922
4237
34223
43352
77335
28564
37460
44004
57479
67511
15487
57269
88633
3113
60501
86231
25576
88583
32625
35641
70724
1357
22776
90892
25129
55798
87563
11386
56874
274
20699
80264
90266
61038
31118
82590
23049
94016
94175
13583
22195
56379
71763
95170
