23178
28661
36402
37806
47408
47464
47487
6455
59942
60023
4238
17543
46883
66202
66273
29732
56505
70990
6081
74454
74531
35605
77224
77260
77278
24147
73254
12462
59057
80773
2070
81593
18457
19428
80422
6585
60644
84484
25499
70217
15235
25401
74906
86389
54035
84717
5057
13464
40396
69936
35017
35907
82755
40473
89319
5569
16411
38812
74509
19647
54272
64620
68817
83801
25413
46932
90466
18079
43117
91418
29320
60678
80492
31016
74760
79471
81897
92538
9708
51258
71121
83805
93190
18660
21473
80916
93732
21788
39454
63186
94358
20803
95388
