34358
53985
54030
54047
54057
54063
54123
54226
24373
57939
62682
62682
62706
15654
43473
67740
30244
72277
72311
66607
75483
22903
49812
53439
77831
77953
77969
10321
77925
30616
46481
67503
19717
47396
82756
1831
3847
59547
82119
8950
19936
84719
12431
35729
37679
41559
85777
4292
86942
86942
86957
18159
58231
71459
11961
62023
62219
84526
88327
2117
36542
88982
16300
46292
89508
25473
90221
20782
38224
54420
90625
6981
54959
82387
21604
72941
2676
92073
29892
43972
48691
50701
78732
92708
52065
93406
37556
59753
93935
20294
43683
67401
94661
