14112
42719
53633
55651
3939
32267
55130
42582
61651
68557
68670
68677
68681
68708
68724
68738
37860
43357
72077
3083
75852
75882
57553
78165
78198
48797
80333
7722
70732
72443
8573
73992
82940
25522
71717
17270
45077
44270
76175
85926
6977
73545
50081
65703
83733
2066
82085
35787
43932
47324
76995
89086
31694
45781
49301
64109
66330
14306
32388
78023
29005
87815
7071
64995
91180
18364
38435
88386
55044
44208
92772
92784
2042
38608
50715
62833
74731
93470
6535
45497
49543
59209
60081
94777
94790
