11088
49870
49890
49908
49934
49949
49952
49964
49966
50126
50151
50203
50225
50239
50396
50449
50463
12453
25224
60903
60933
60933
60936
27796
66690
21126
40467
20636
27655
43261
47895
74652
74683
74750
13621
77401
2577
52510
58161
70496
35034
66193
80861
22672
82384
23060
26327
83358
30768
80724
41298
85316
85328
85340
85346
85360
55370
63000
64359
73685
86487
22899
26793
39684
41410
72773
15045
62907
66017
66987
31072
88935
32347
47063
52325
83808
23518
44460
14932
20599
39682
84837
90504
23520
79521
1545
28373
64001
42154
60014
85890
23809
30436
38599
49881
88615
16653
90371
11328
78079
21575
38190
67643
94419
94420
10839
84250
95456
