470
48496
48584
48660
48673
48691
48726
48774
48887
48895
48907
48915
48976
48988
49053
49080
49083
49090
49117
49142
49223
2779
60590
52120
66530
66584
40308
57558
62844
63826
71170
6749
38836
74561
74611
74631
31463
43765
52314
75652
19146
79721
417
80778
80792
31858
43943
82212
82220
82228
82250
82258
82312
58405
83340
13202
69211
25251
31810
85288
17587
62628
86442
12418
28019
32414
51649
63753
34050
39134
88917
21455
89333
38768
48651
75930
90075
21573
76094
32525
82742
91023
15470
34444
81590
91456
2186
36737
91027
91988
11701
20681
35744
39646
86086
92541
14839
62291
65816
67846
70221
53707
86421
93748
223
60773
84199
8444
85899
95449
