35616
46297
46303
46319
46333
46402
46463
46486
46487
46539
46544
46546
46554
46617
46617
46643
46676
46701
46774
46780
46824
46844
46854
16821
59264
59266
59331
59358
22599
65982
19461
70864
70932
69321
74353
3018
45293
77033
676
10964
72814
653
76748
21111
56546
82064
4978
59934
83247
799
13993
45926
84400
84436
6918
68481
85245
85259
16838
46605
86322
436
57762
66473
22145
43795
5656
15403
88826
21806
55128
70858
89308
32280
75228
25176
53475
70539
42498
54946
70811
78348
79631
41867
57654
86964
1408
4242
40268
92434
92475
92477
92493
30995
57940
93091
93106
39657
73491
13147
92835
93483
94333
12905
30295
44401
67077
95358
