6027
24800
55436
28241
51473
64099
52108
20944
61458
72987
73000
73151
73202
14480
56288
59284
76109
76123
76135
11265
72939
78397
78509
9106
79488
80411
15272
23741
65401
998
38930
42817
46280
82987
34303
83857
5635
20619
50052
85028
10359
26462
54473
15246
37651
65883
81908
8845
36499
40452
80674
87806
22946
85092
88495
1626
57329
75734
14307
70905
89738
6476
85628
19188
60206
22977
34558
57460
79600
43058
70702
20879
41073
92246
11643
51600
13862
23590
24099
47860
84125
40166
74268
94069
94089
17593
28317
62200
94944
94950
