7749
35958
35960
35975
36038
36138
36156
36182
36403
36522
36532
36541
36613
36621
36644
36653
36706
36896
36906
36947
37124
37151
37158
37161
37180
37244
32676
49725
56756
56782
56807
31771
34371
64645
64698
2367
61521
34570
72784
2514
76279
17863
27078
78610
54708
58775
80505
7031
40241
50666
58418
61671
9639
31549
40969
44980
51159
83034
32642
49778
83922
83948
41970
4159
10132
35002
56143
86080
4582
39772
40222
72276
21034
31437
47197
51098
62792
28779
50255
51536
88507
50147
84464
13205
16778
89801
44063
85020
32595
44658
86265
89778
23209
52510
46721
67125
91766
7282
10974
92270
11702
84290
17274
85518
17661
81168
8550
33449
56260
68338
72711
94998
95011
