3216
48361
48423
48427
25498
60334
60365
60482
60498
60566
60569
29079
58598
66400
28878
38636
39257
57988
71162
42218
44726
12846
26382
77341
25688
68961
39566
56934
82171
82173
82185
28990
43679
45118
52758
80130
43797
6102
70913
83500
16201
55510
71558
63394
6689
87969
87974
6971
16675
41463
88915
22336
35057
62288
76049
84730
12937
46701
28434
48250
52862
63748
83516
25221
91023
22220
90315
91445
2604
42053
91969
2453
56337
92541
9297
71767
18889
55326
6092
9913
77165
94382
94415
40502
45510
56237
95410
