20020
52034
52044
52050
20271
25562
61328
34894
64799
66942
67101
67127
12977
68167
29325
51604
74900
12162
77568
6489
38669
66188
26195
29322
35683
42867
76439
80961
5993
82447
20681
27729
36107
47143
81062
6466
26919
28979
66062
42187
58073
59297
70569
2781
48174
55203
71456
17073
34858
37402
74896
35056
51761
26036
31439
75302
81557
19986
89356
89357
89376
33332
86212
25958
85747
90542
13030
40963
44491
48683
91076
37917
42019
81530
8252
21453
61861
92003
18887
29000
66670
79981
26269
29905
66919
91028
38213
65334
79831
92037
26176
37621
42054
77653
94444
20386
59569
75424
95541
