42868
52105
52169
52209
52244
52251
52282
16763
61349
61373
32029
46208
47614
53861
33412
65526
71461
71465
71467
71529
71561
71611
24562
74906
14154
77576
27706
55625
78249
79954
79979
9968
61172
18100
41223
43009
82465
25404
83374
17116
46454
70263
29500
82789
3749
13891
27193
66456
86653
86666
12238
42898
73332
16217
77893
17959
38289
48743
34511
84262
89383
5901
88709
88815
498
87473
416
69750
72634
15843
56851
59445
91512
7658
15020
22661
92033
33587
74363
92587
56242
28082
85033
3417
6657
71122
94464
43330
86053
87828
95559
