16555
24892
34511
55241
55248
55277
25138
63593
63601
27196
47749
68304
68325
2028
72628
22526
27684
30586
75614
75727
34040
59152
78078
15250
31480
59218
65191
78090
7514
54047
73412
11777
82812
29462
57324
83629
83679
83699
27666
43210
68366
84847
7243
39500
48038
56403
7881
44609
87036
63213
2090
85737
88444
27740
29652
45895
81256
10037
47259
89653
32172
68953
90259
90268
426
88604
90679
29788
80026
89657
59794
70012
16778
47516
53474
12650
30564
52148
93453
10231
87229
94024
8784
28001
44867
72651
73673
86573
94729
94745
