13506
52747
43721
61498
6455
7204
53684
66803
13000
56089
64037
71701
71768
15876
73527
74243
5395
14748
28117
34233
48281
77599
51906
66809
6315
18398
26044
52597
5977
76851
6261
73503
25326
48842
69770
76842
16747
79805
85540
85559
6206
43192
66501
83904
86683
24656
33235
52126
54610
1847
57847
64744
36358
88961
37299
52939
89384
29136
72639
3727
7062
15145
26191
51251
9591
10238
11805
52580
37312
47641
11114
28008
49613
79341
92043
1832
5949
40564
92593
61325
93315
50145
73661
34859
44868
48739
94468
57200
69867
95566
95567
95591
95612
95618
95639
95669
95675
95685
95688
95695
95707
95741
95743
95767
95775
95776
95791
95824
95826
95853
95857
95858
95864
95866
95878
95899
95927
95931
95944
95951
95953
95960
95971
95973
95981
95992
95997
95997
96001
96002
96038
96043
96064
96066
96070
96070
96073
96074
96088
96091
96105
96111
96122
96123
96136
96156
96170
96176
96179
96193
96196
96213
96248
96262
96270
96289
96313
96315
96328
96330
96340
96342
96344
96352
96352
96361
96367
96377
96378
96387
96390
96421
96426
96427
96439
96447
96462
96469
96471
96482
96521
96522
96523
96529
96541
96546
96564
96573
96579
96585
96589
96594
96596
96624
96635
96644
96650
96651
96679
96696
96699
96705
96723
96733
96738
96754
96770
96784
96806
96809
96813
96815
96816
96823
96823
96828
96829
96839
96840
96886
96887
96892
96894
96908
96955
96955
96971
96982
96992
96996
96998
97008
97013
97044
97054
97076
97080
97080
97088
97093
97109
97112
97119
97127
97132
97144
97146
97160
97183
97187
97191
97191
97196
97199
97219
97225
97231
97242
97255
97264
97266
97278
97284
97286
97313
97322
97337
97353
97371
97371
97383
97384
97386
97390
97420
97423
97430
97434
97457
97458
97471
97494
97526
97556
97557
97562
97570
97596
97598
97619
97627
97642
97647
97655
97679
97695
97700
97735
97743
97743
97782
97792
97795
97798
97801
97802
97811
97835
97842
97847
97869
97871
97882
97888
97891
97895
97920
97921
97940
97950
97976
97977
97985
97992
98005
98006
98011
98015
98015
98052
98057
98073
98100
98137
98147
98165
98173
98178
98178
98181
98186
98188
98206
98208
98275
98290
98291
98299
98306
98318
98329
98330
98340
98353
98355
98356
98370
98414
98417
98421
98424
98438
98455
98461
98469
98471
98494
98496
98520
98525
98526
98531
98547
98555
98572
98576
98579
98593
98599
98607
98615
98640
98644
98670
98681
98690
98694
98711
98737
98744
98755
98758
98772
98775
98805
98829
98836
98836
98841
98857
98857
98863
98873
98894
98901
98919
98924
98924
98933
98940
98953
98966
98973
98978
98995
98997
99006
99016
99020
99037
99040
99065
99066
99078
99084
99092
99092
99110
99110
99111
99113
99138
99141
99147
99150
99159
99162
99166
99172
99184
99203
99227
99234
99241
99246
99247
99262
99262
99275
99293
99299
99304
99306
99324
99342
99354
99360
99364
99374
99377
99382
99399
99410
99413
99418
99423
99435
99458
99466
99472
99473
99473
99480
99489
99500
99500
99512
99530
99551
99561
99561
99571
99581
99591
99599
99633
99635
99647
99648
99651
99661
99672
99675
99676
99677
99685
99692
99692
99707
99715
99724
99730
99733
99736
99752
99773
99778
99788
99788
99823
99849
99854
99880
99888
99906
99907
99911
99911
99920
99935
99946
99952
99959
99975
99978
99979
99985
99996
99998
