1701437
9595254
2269732
3316779
5945242
1556014
5842479
313406
257365
2698377
7087977
78815
6908252
6416519
4423930
8380780
5823219
6300974
7077409
3922881
8564256
7841956
7912993
8333850
8842714
4346138
1992427
6090339
3135127
3525720
6760891
9524265
287344
706424
9406343
9250771
6742550
8552455
2315902
2417801
7409744
258389
9806653
6092283
4320822
1849448
4241739
1109598
5769003
3168293
2452403
614552
2491069
3710995
868847
403144
7245731
3412523
867436
3529961
3114930
33348
8816916
7556920
7473500
4776956
1498610
6063120
5190516
9282267
3440068
1849235
2641116
9061045
3836281
814441
1907363
6727212
674877
9604806
645897
4716997
8477283
1723914
439919
309750
5349076
1682077
1572534
3398846
6534946
6398238
1182752
241747
3626196
5522827
624368
6049165
9664146
306769
1393479
7073244
790647
4126071
4514027
4467587
5820567
533168
661178
5851501
9662996
4349955
657549
7697733
5528174
5566554
1906937
3399230
6508011
6464276
635919
5340963
7315919
8046534
3194684
7228282
5351993
4085798
3278248
4256779
8441983
5381903
4248611
9502387
4964902
3788298
2055170
2727429
5360889
9378071
8815274
6106042
6588753
136579
3610557
694981
2519238
1064058
396078
1230861
9744640
6764161
9272011
1144661
9363521
9096935
5092761
6673537
907388
2682347
7942284
6789675
4866508
4067241
29010
6666202
3246959
7444723
8240780
7319294
8537028
5070904
3971960
2194669
4401198
50305
9446949
8984303
2733302
4573086
2602498
4117983
7785987
1873576
4092869
6733049
1921188
5936457
2970243
9636354
5137166
6743008
8878760
9277755
4358978
249516
4542014
6722173
8169773
8876906
5428774
3787237
4025130
6078019
1499875
4364332
1553910
9307605
6907642
6675303
469525
8715021
7496548
6893308
9713944
7432018
4195200
2328725
3110693
8584021
691550
8750304
6932918
2914474
5653374
7839914
946039
8548180
7573890
592582
9458172
5824562
9041406
2878697
1490625
2899781
6060850
3568610
8318713
5394005
2291007
6349674
8386832
9527632
4335090
343607
6221752
6409370
2419783
2101520
798712
3007384
4089544
5138315
171721
2642193
2127442
5096405
6034353
4624045
3853925
6289649
4097849
1544591
6711679
9418114
3657091
8768511
3370012
6936388
2783678
7880938
5526844
5458800
2518129
9544896
5236170
2804082
4679524
212992
6837338
2805423
8168233
3357527
9667402
2487325
3061202
6867628
5966243
5768631
4532450
4292767
6408296
4158422
8414836
7405796
6645843
6401830
1947462
9810984
4714066
901055
9930791
832458
9823182
5621199
6636715
1975807
3072686
2929533
8568899
7486641
2426419
7092643
8708370
2630275
5306333
5992663
3040079
6549763
2241660
5947037
4982527
1655275
7459133
6842758
5193586
3504019
2771153
5877983
9190208
5478961
565086
8827599
3496212
3788617
2372006
6504036
5428683
5396732
5838454
268418
8387599
8914845
8496072
8529345
9188633
7600385
8589926
406186
1423246
7999568
7808555
2105130
6177375
7592974
3443910
8490498
3631311
7037327
4501615
486153
2337874
6057946
8356118
5440407
7774854
7835690
6407062
3329543
7870350
8075360
2657435
3594339
9028088
6910038
8057622
5072198
8377506
6783861
5284230
5528299
6753462
3210056
2616929
4015144
2485070
3859487
5275713
2274023
3168987
5201915
5829724
6048905
3706283
7639648
7519674
7451945
3321762
2320391
242349
7233511
1269881
6813092
8967899
3878292
7550535
7180841
3565090
7040749
3577001
1607169
4139959
5763796
2291278
1598224
2594207
5263272
2769485
4666466
6419782
1698525
3831928
6661185
994657
7148492
588753
2863635
2929343
7286777
7734302
9173409
6381261
6244323
6798432
4343066
5767845
236243
3895104
407184
1184667
7186264
4066146
4032155
734893
2574571
4731774
6350002
4172735
3074740
5312797
6852098
7233119
9372490
9153876
1827994
2619315
769970
677640
5800802
6006387
9117918
8462353
5432729
2853515
6807240
7164522
8966456
2296472
1077362
2782362
3797295
8372634
4882401
9305010
7362089
8915959
6893264
6956403
6055537
6847684
2031688
1557879
2220564
1800221
558905
180354
4963243
3405107
7223778
382680
5600060
3202580
4832010
1661889
5063369
186097
2388977
9662874
2737527
5274223
205123
5840987
8147624
6163672
7359837
3691862
2069120
5957602
5958487
9380071
2416709
8673769
9137743
4498999
7740462
9865309
253630
7565077
8167019
5859737
6784502
1508320
3902727
2783313
9187112
4100261
9216320
8595705
3029078
4164521
5308022
6976897
7923362
6716163
1972601
1034961
8629755
7421203
4543624
4032882
8868565
2136704
4342055
1230373
6086620
4419077
2886912
1646208
6135285
658
1108349
9870638
982810
5857337
3976614
7914812
477477
6949184
9236231
8093310
3692580
7193176
2025512
398270
6309213
5651702
2067009
6782084
6688107
2288856
3783897
3766012
8972789
3629673
6536280
3531296
807955
2900935
4530581
2713888
7192907
9729399
4800759
3596964
6415257
9418502
164445
3992555
4405320
8338502
8168681
9049045
3232755
9140436
1542860
3205944
5227576
9577087
576358
162969
9194283
3951407
1314836
4844773
6212236
3330459
3756070
997697
9088156
3954174
1691324
8598642
8460390
4756625
6050290
1651907
8936931
6818435
5752828
8682311
8606900
1148648
9930206
4267464
3025232
7220997
5788842
1223168
1658577
7831489
9908389
5531460
3750460
8965207
700097
6569304
6715718
8043813
1001808
8652025
8917034
7480088
5956195
5653612
9634930
3128871
6871377
6949854
9579315
5300319
241495
4404661
5494747
1413934
1643518
8886356
1313568
7702986
8050493
1465162
218448
4271672
1622078
9691336
2762171
4822678
6526182
9381074
8691839
9436884
4159731
4296262
4157442
6895640
9293399
9126277
1756342
5974474
9852603
3058881
7255742
2981554
7495547
5695850
1304653
363841
448304
9593735
3639504
5276985
8288163
9907190
9392459
992867
4482152
9323122
5384314
8990836
9048590
6149945
4418054
8597322
8469084
3257279
4501717
3644964
7569816
5195751
8152485
6600672
7893108
9299993
1076896
7724297
4232066
4673625
9107464
6440394
9740314
8407920
5628323
9427527
2264297
1174970
1504896
2121260
8203034
1884374
7936947
737814
5183686
3574554
8457831
8163584
9240673
5155164
7787350
8576991
3804709
4939197
4750003
9430372
7068946
6286071
5034238
2493996
5939818
1403881
5921847
7654807
8742559
4795953
834713
3256739
9475968
6859003
3985779
1373983
2809171
9368370
4306464
8669433
9392588
7263487
9416578
1547005
642951
9362695
5968918
878641
7240850
8532464
9128046
4549720
2568244
7995154
2494466
7516478
9251962
424104
2157054
9828928
1296178
939939
4165034
7478316
4353471
8999340
3026337
2949391
2876825
5463931
9224332
6539737
2689748
6037924
7009768
647100
5982806
4835395
6233171
7086425
9871604
8105055
3315987
5971543
481431
6271270
1521916
2552372
3210259
3138462
953992
3612176
9129387
8734453
5937391
111523
4341285
7098573
2138185
4809550
9489473
8000691
227311
9575839
9818172
2271687
7222511
24815
8585006
2039372
9077971
9793628
209405
9293956
1249852
3273820
6242950
7976266
2890094
1402137
7601380
5905094
661965
6244131
8099261
4145016
2794619
7508799
2288605
3637090
1326133
4163770
293380
5545097
4609028
7426916
9399977
4440294
4869106
5632754
1236987
2972637
8899838
7521622
9637025
5867588
1601695
8570764
2104720
4892640
2058137
5459389
6457002
9896522
6062951
9870055
4940758
1586626
589364
7792063
158578
2764352
4898911
8915929
9308292
6206488
7151532
195144
4420141
6580055
294644
1494840
5654642
3040541
6083458
6424415
6599087
657065
9863377
3839634
5471407
1191965
9877515
7474768
4508689
8497855
5003619
5623608
9132790
1608783
5545961
4355365
371828
7988109
9128793
3341445
3028131
6489133
5115085
8633081
9872780
2424743
1810551
8488840
2083843
9457158
7111871
309446
3016551
6236553
5124052
8212514
9628222
7612266
9951938
484518
3979919
5480530
5808394
8878187
1632346
9321855
3326448
2767832
9978676
1243223
6174168
321572
4918028
7408539
9577832
1743086
5734230
7017311
7755347
7992190
4660251
6616010
8246470
7294336
6333938
4517736
9106015
2633411
314618
3980720
7496913
7297017
7669738
9527216
4082191
9108832
7472551
8810041
192788
7860304
6799004
2894968
89488
5697484
3381261
5563585
3972514
4716958
7274180
7306989
8148438
6704998
1508217
4444581
7947374
988598
593966
437321
9119804
6693255
8029954
598385
465346
9168452
9372492
9490371
4930202
681003
4621351
5146308
4764295
1114053
9056693
8117221
8634114
7521143
60416
6696424
6373589
5323939
7048857
993386
2759568
1283638
4888197
7687896
9375389
7425416
7455548
3203052
309406
2034393
25564
1514682
6614866
3778409
3137658
7238924
8116104
4276103
6588447
8946198
8535016
1976097
2701562
3029208
7227972
5855258
4078385
1368261
2684794
1531561
1076081
2834912
6567123
6188354
8284467
108721
2012302
6115559
5420494
1773184
2098351
5106695
1571002
583843
3880514
5885935
1939587
3450018
6850850
369227
4742746
86099
2805992
957116
260994
8770249
5775280
3102586
4850976
9648376
7297500
479787
2359447
8784105
9240418
7085619
8350707
9438409
4724623
9142457
4480329
2737842
1674245
1851450
7676600
3055858
3683735
585914
5639102
6857912
5610388
1584678
5392168
100378
4993985
2782625
8882176
8381476
1060384
9771551
8220352
1776297
3168038
1170996
9213353
3079687
3932669
8500323
5770700
7508426
1234512
717189
1654715
2439760
5872422
996404
7172240
1028832
9915994
9032163
1698178
2200460
307212
674075
2467174
9624924
6041958
6094886
3465198
9688608
3476550
7618428
7070984
2710337
1049672
2346629
4819519
6724077
1546
7238343
736166
490088
6317745
2655180
1262422
6968291
1212730
9577086
6908341
5006846
3096850
5063595
1198151
2896820
6021308
13771
2116035
2998517
8869360
7825759
8846593
5044272
2655217
5136961
9302535
5136181
1007841
5384508
3126820
2261779
7287010
2124235
5037847
8833876
2205722
2688625
578264
2862154
8992009
9182846
4613026
2913506
5574437
4026910
1541559
3402203
7655561
6299059
4447598
8026917
739126
1024357
6043488
307991
7847146
9314761
5056662
6520787
1914507
2928036
226939
4992472
329491
2767865
1514729
5256731
5776585
1911417
2540248
7350955
8177032
6288231
7475143
1673686
1845545
4079517
2358887
965718
7112680
1993886
7642727
486530
3214922
5894978
9626369
7263404
8058438
2820356
494315
2982533
3361393
5896744
7213259
1545101
2081368
2705663
563330
7305422
392136
277884
1511952
2802048
2738723
5471134
8358319
244359
471345
7813204
6556602
8034339
2167471
9755531
2536965
3909512
2738839
1272074
7044194
8266964
8564136
7327391
815849
3328815
9559123
6950880
7355419
8205391
9842940
5261439
5126809
3041965
4227282
3422507
8306421
5681577
863050
3579197
5249770
5293535
8474881
7407434
8284761
5444607
2286212
4934388
4597216
2819709
8095075
2666171
1704261
2307711
4953386
6957732
4668489
2242285
5998676
2864782
9251797
2203108
2598691
5791444
1909056
1887274
8574170
9639811
2979000
374296
19931
5380800
4283724
401052
6752530
5321047
2030196
1342261
2419468
3732655
9687936
4108994
6262861
9417033
8067157
9085592
9065838
6960643
8616193
4172202
1734450
4145895
9015426
4214439
1128643
5868261
7106751
3758005
1885528
977243
7704957
2909143
6094663
844320
6710203
8867330
9040358
9837961
2985441
7931581
6382838
2700591
9381401
7504484
2746732
6003447
8808744
7982335
5225532
5814843
1721271
7886973
9541
9513570
6250034
9441654
7846263
5841589
8962632
830533
6474299
8830056
3745084
1332515
1453872
679383
2857817
2582151
7068659
8311602
9447876
5625331
541172
2679518
194069
6942991
9657283
8442652
6866073
3698864
1155490
8458344
3338138
9383301
6782821
2309511
5102527
3343828
8835516
635468
1537376
8085753
9126929
5729123
9086267
1301738
9388651
690213
4645630
1826262
2797846
5353058
1513265
9635364
2586238
563349
6659295
9145132
3893357
7319253
1254837
9247879
1643230
167007
6346456
8567787
2949042
6212408
222792
507100
6483052
8742212
8394907
1854236
2755771
9201860
4694603
7647424
5358611
2061455
202095
5682515
7157463
9389047
8463371
959244
3235734
5662843
1197762
5520832
5964227
9444782
8749371
1405729
4118701
3424130
7231869
9747186
1050801
6995403
9098873
6959439
6601192
6102689
9312845
9059447
6733938
4976355
7244001
5272504
7457433
1662714
9994451
6941543
7632114
5170439
4632985
3384531
378552
322227
7104682
9950520
1370050
1664280
8794316
2742029
7166835
2979807
3846337
4063684
3032605
8713851
9793131
7119448
2615501
4646426
6507685
225521
9290640
1482497
3624970
6551543
8226107
6616445
5370196
1147598
4537394
5112305
4048437
1303353
4718013
2874364
605069
1817387
9179011
6635197
5892765
1497782
3392953
2526925
6371187
1817647
936770
2242817
5122589
6526385
6792346
6646810
3511550
7598131
6466654
9577297
8408692
4887239
9351071
6551844
5720240
2990347
1163594
4774130
6669449
8913862
5689859
938053
2981014
2790954
3347243
8549075
5547125
3834089
3980937
8579388
4960618
1363954
7050904
8292890
1067660
5444627
8201013
5814896
3362565
3129165
7809274
4826464
426302
3561948
1595167
3779180
7909092
8471070
1611816
5901468
3761944
2122384
6697794
8822631
454701
7136437
4884216
276511
4324068
9389464
7914593
5003840
923140
6082015
9102604
9712138
967481
6870844
2550483
2556465
9380106
6830882
6246333
2209532
4848431
151759
1263651
9612007
4949644
1001073
1987083
560482
1625265
9720359
4069107
182100
6227923
8661752
5286852
2247881
2282578
3376348
4020031
5284003
8452484
9948693
4004349
3978028
3406623
7552193
5376283
7707515
5523553
9739479
6763963
8205822
1135705
9299538
1387637
1740675
9020129
3075623
5941682
7518153
3870520
9031684
4276697
3493726
5449660
5126428
245734
1195437
5379974
8627599
1139621
6481691
9866790
6413199
1417296
4250050
8817788
1422139
757499
9084919
7070408
9345738
4163335
4389138
5124541
1219268
9174568
4592449
6688678
6866906
9533291
7114725
668166
3799752
3480780
1006336
1278420
5287710
1051181
2146788
3785703
4036563
8289263
1656735
2525997
5567923
382244
1320502
4787605
5013775
8192355
6935977
4758363
703461
4180441
2686635
8909867
9486531
7937851
2050107
6896613
8248990
7613757
2019572
1062908
9047278
4008044
524553
7868349
4522717
2918353
9677756
3885110
1765067
676660
9265721
3719339
2874987
2521522
6945847
2632922
3865444
8689305
2606037
3490840
4355188
7794778
866981
9403501
6495887
601866
6339530
9196829
2399580
6592892
6498750
6695193
4115382
6127894
8250107
6850500
7620227
7100068
3939490
3000562
3725694
724645
7042752
8290728
1402093
117120
1173371
8739427
3062733
937879
7440750
7148371
271370
5965432
5839054
6071989
1069176
3966536
3064023
7160483
9652406
6404642
2498376
1071280
9822661
1842835
7347412
5766320
6513569
8441617
7003214
9645570
5534647
4469175
5280855
4555882
5135722
7240810
6807847
8840707
7771795
4093944
2606085
9403244
8904178
1092169
9298480
3619257
7461863
9829113
4884107
4778598
5954335
6089987
654371
4122684
7786843
282148
20735
2708567
5943985
8612292
1584113
5363049
5334210
4400600
7313545
7471409
655583
4783018
4801265
9735290
7416548
4449230
7799378
7499957
1656598
2151525
6201332
3440563
1503291
5957549
2733076
6467983
5225026
9704876
9115356
4405134
7319936
1963743
3913065
9387693
8146048
836570
6727714
2374974
9378589
1048741
4607584
6822112
4783141
451263
3554706
2573873
3713356
5273721
2072106
8970431
2279196
2958618
1856792
5565426
4958036
339321
9254855
8777781
1598003
2368218
4675001
7746395
5260503
3783599
9544581
7626310
2627803
1616148
3908508
8354967
3035524
2589913
8399565
4564351
6356950
5500553
5746189
7894932
5152478
9670183
8745141
2397730
8439461
7145635
1385473
4279123
622515
1168594
6164216
7787693
5204835
995052
3283745
320791
1999125
5797683
5533521
6882358
6288224
4933063
490874
6820185
6909103
2206857
8997474
7640014
3679936
9445097
8443794
8517726
9336521
4253395
3538455
1674200
867932
492633
8966154
2057187
5602904
9671717
287514
3456480
1418079
4558496
1927952
7180197
463362
8635456
7167002
3770702
5312290
8039409
9661757
8538636
3744018
3882560
280612
4328169
2186540
2166580
8630338
5115460
304579
8739660
8633902
6758651
2860671
9602126
7795574
2510838
3062702
1991876
4232077
4008532
4668615
9813169
5793826
8608005
50292
4814390
8509285
6043936
6470667
975548
4073329
191580
6010091
2870129
1230984
4883817
9867460
2149858
8864037
5766875
6226086
7581918
4365030
1104313
911572
9429693
1808853
8901299
18198
4916521
4129756
6791274
6825501
9510979
4458353
5703263
4394697
2518394
7143452
5552142
9653828
1025123
2419081
6903181
1343892
7497996
6148838
8078555
7735203
8569777
7245201
5496907
2117785
3862653
9356782
6365205
2022373
887044
2858305
2373235
2573648
5323150
9630324
2577454
9924465
8784416
2331349
2991502
4801305
7540038
7176356
6730471
2257629
328599
2288691
2296555
5340737
3571266
5925212
5535575
6790448
9843227
1169973
5664354
7974646
9888856
9003112
1572648
73052
1806071
5924166
6756657
7948409
7487079
6014923
9618147
6429651
374110
7037205
9155535
5595556
6781693
902696
2898807
7955374
2606197
8351275
4950871
825814
3029852
6253055
3454743
3796291
6340757
1017247
6900198
8727711
8034144
4335502
5389536
1169437
1397058
9775262
2298244
2691396
1626692
9995540
5436033
2553635
6236207
1991774
9990434
800372
3580513
5161314
2925622
1458994
5504788
1286134
3534245
6688443
5124274
1634665
3249315
6020027
3794554
5708298
4839211
6064396
9746234
2234205
5216002
6085558
4466769
5839938
3609880
3319376
5818185
2795705
2537894
1075207
5192284
8469990
3790699
1987999
5324288
4594179
6605368
6560337
2937313
9351293
7537053
7989218
2590298
3491230
9698966
4414933
7109229
6868925
6375107
8419152
4993169
9691564
7542716
7363767
5084866
8988949
833013
2475880
7486222
3677040
6454712
2401489
9846062
3269298
7025673
7175130
7733326
1064149
2349284
8072047
3544340
8189143
5123479
6397146
1005477
4891217
9067774
3232304
9195985
1431632
7067978
9061134
4587281
3284493
8135456
26839
544175
6940445
3619352
1818343
1070544
1794658
2133849
2553011
3158645
1087297
7085763
7564854
7807107
6704676
7201774
6393281
1041771
3411013
365275
4410629
7178342
8990686
7398228
8794706
2835974
8859094
8401963
1545781
9610929
9281600
832150
9292834
2150391
3916282
9754606
80247
4509534
240086
4019411
6708044
6120768
7418081
4543586
4697778
895667
9603408
3288638
9905526
2447284
4270478
5731353
8195529
8733450
9205878
1211248
5524945
5746955
8822118
2530908
4900209
2386716
4745660
5751151
2301091
9449768
5881819
3743806
6559471
4498407
7323941
7316736
1494456
9545410
1622664
2274229
7508258
5305491
8431236
6356068
2424720
8405937
5531615
4973811
9804772
7959280
8876838
4956557
480364
8360455
8911882
7613594
3178357
4316559
1152229
7215818
1772883
4830626
4661860
8633012
8974513
9928730
7121142
6064174
4130985
9496321
1371380
8740071
689099
1816152
282339
6870379
1011226
9387004
9518863
7838826
3452136
6936713
5071033
5326490
3096395
4391522
5134358
6076702
3436971
6774362
6060082
3201070
1553465
7910524
7874323
9935715
6197339
6955505
5783555
2421967
9079449
5985709
2213811
5759206
3039757
3037452
6520331
3468798
5591282
981172
9004738
8503851
6978543
1848533
6933526
4146785
4603311
677084
3708499
527431
410601
2493669
5744650
6337354
5961612
8935624
3128638
6211253
3242578
8247447
1664153
3892215
5926651
121970
9523749
3835429
625621
992258
7823932
1344884
9117858
9679514
9469007
2213701
663689
4572326
957999
9694319
4033821
7561402
9748360
7646558
2117749
8272770
3337555
7959964
4312759
9226543
1756154
3252543
3741682
5880112
7093944
8442323
3500911
1350759
8171570
8185404
4713560
2549872
2327665
9152829
5749596
8011815
5187002
1497018
3919542
152870
6679080
3644185
5899502
5271960
4549182
477206
4333746
4984033
5528937
4676146
3951923
3617499
6369074
5480641
4622214
7683002
8989780
6585143
82684
117271
2503446
4630489
3256417
5914097
2764345
1183922
6172730
1046674
7208170
1484790
6827023
1824132
1925260
5201131
7213287
712241
94610
994078
2727973
4055068
8228359
6975521
9175548
162660
9673990
8857745
9750939
4974786
5772284
9417012
6103542
9134534
8520864
6615170
8320093
1806890
692180
5610593
8497357
7428452
1769459
6469047
1423905
4922373
6279339
7539636
5070375
8001519
2705895
2826022
5932670
3564909
6093241
3605947
6842784
7983410
749026
1122881
4738088
2300238
9694494
7790599
3457691
4502384
3887537
6351828
3646055
160398
2450929
5352594
7555716
4626122
9651096
9153170
7360730
7346238
1114703
2387117
6140248
4408639
9412213
7157703
7943838
7597713
4531559
1184232
1013997
820672
1450653
3638978
7950393
6445834
4839750
2316950
5059711
5497440
7542964
6772189
8946758
4434804
8935047
8320093
6314665
316649
6310669
5280944
2119226
3578187
558436
6522147
2248406
4524539
8913091
6670457
344625
2927527
4351191
3565548
2759075
2494834
2008071
1998185
3312745
8550690
1455576
3574858
4943300
2957280
9713078
7712414
5622703
3185317
9762913
3340870
9187053
172625
3781672
2786990
2293803
9082674
3262975
3355424
3433369
7849962
4939218
6718293
8678719
1013377
6303847
7326017
7270946
8840178
8376161
428620
4658878
7485207
9285793
4290007
9321658
5083950
2221359
7176075
3865521
1925366
6327258
1330524
7661829
2407459
2500193
8215285
952116
9729016
3720763
7810868
2539128
2712178
7876041
3125086
906935
7304780
6832289
3699217
2231679
6896651
6015642
867918
7493061
7371304
8187324
55247
305746
931851
97396
6809567
8538553
508463
718899
1100818
7222455
6194360
6567516
6823481
9145032
9148963
5215340
4039905
885901
4255307
9332590
9996617
6303564
9881438
2286509
4269876
6470424
261447
1433128
5720340
995390
1888149
4032331
6984217
7147711
2536663
841782
4109086
7195212
3386142
1591829
8668518
4297438
1089637
9103519
1447814
6899174
4709790
5740124
3304872
9517202
6253181
6449882
4931723
3484089
5155974
142545
4815356
695783
217572
1796972
6850261
3910592
7752123
5980147
690446
9840691
6190017
7559948
6913705
3325260
3601422
2439269
151177
8005344
2514523
6739697
1029173
5243194
6345867
1060083
8671868
3372749
5755693
9943968
2798567
8469770
9834853
9088275
8692715
4709751
3712684
9357661
9305932
7738785
4662405
6869922
8437831
701918
5447051
576663
4059226
9288114
7434583
3775460
1821451
5765236
7708921
5089467
2320092
3272861
1750279
5038280
4647054
6554363
8574013
2204862
5095446
1298612
6736346
4567035
7078226
3911734
1600355
8077923
859645
7170072
412155
3422367
1453495
7284776
3148166
8056726
282879
784035
7597044
8986015
1629246
5193301
1145628
1833838
9291032
1289058
7734369
6601878
5810259
773102
4961023
1022456
8149684
2481051
431651
3474276
5614784
1116487
6967762
6255657
1586388
6241772
6066955
8102691
3535818
5976146
4463835
7785213
358804
8917543
8913256
4816924
6995096
914552
7070592
9846781
3617312
7325007
2291861
6597814
3849603
6684465
9518004
5672063
6918339
808796
88226
2493145
4622486
1198415
2253848
3415668
8701506
6464207
8424102
9407374
1149061
6772283
861675
9000661
7273954
8919790
5123221
5699031
6692582
3941568
6645641
3981995
4442086
2465007
2539207
7846274
4512622
3430894
7565193
9295050
502645
9729891
269515
1912536
3915678
1411075
9233587
1518258
7915800
4998645
5936475
8084972
9742915
493450
1215185
568578
9773265
3026571
3808738
6655705
6021608
636148
1012897
7593120
6117565
319999
4912060
9729555
7714091
1595689
4706494
4294125
9527481
844305
1297358
7879592
2322564
3509903
5603846
2850388
4680771
2877720
9121520
386475
6558951
5204859
7354134
3307159
144030
5574550
9786011
5188654
5671947
8061900
1332861
580154
447496
1169204
5878923
521785
7867238
3094527
4058062
2685418
3861261
2373219
1498969
3929314
3213570
3772404
9635712
2490275
6908822
2483387
4717545
7264845
7536395
4286118
6432271
3570681
1583223
6880213
715666
62644
9430624
9047141
7701517
2627745
1313950
6313258
3910928
1627110
9563167
3884188
7563809
3245173
150477
3179627
5384913
8387968
8842918
2827398
7815130
9093798
9699133
8252701
1929734
4561560
3710732
2003975
2964777
531682
8669342
1195749
6456320
2765612
291541
9977128
8219587
7250314
7725662
5966494
5450096
6489088
7263081
9871462
8045231
7694873
8345940
4513084
9653677
1675388
9273041
4263517
2429226
4682257
7040966
9683382
3854005
7102026
904469
9671456
8056361
9800262
4338433
8646567
2043398
2700459
1003218
9251980
4199376
7350340
8648857
3497342
2535707
8181361
4994359
7269461
1027946
3476330
2813722
6491706
5547284
6113314
1602123
7125169
5426283
7506723
3436108
5827842
9433656
4705690
1979825
8448921
3439276
712546
5802415
3253564
6162697
8602553
579412
8229475
3907729
9940286
8274408
8675571
5054917
413117
4380069
4332616
7189355
6766618
2020925
4716631
2823931
7382133
8114269
2509647
4803182
866501
9735556
3258548
4063759
8221984
2962841
1767264
7380678
2742107
4106136
426132
3849010
1843006
3050938
5520778
414530
6669116
9917900
2544141
2093561
2310472
1417053
4195650
4094565
2318753
6985217
4592114
3251245
690095
3415250
6635945
1321483
5302458
9488357
5158887
753531
5464413
69761
6095923
2470906
7477186
5506893
4365919
1011424
8425152
6063035
8270585
9583946
6991805
1215874
200884
8743693
7793002
1633619
7871755
6494829
4891499
3407734
249739
4439222
2047829
3521585
3544271
7739987
4761404
8591010
9302096
7523711
7452752
8052021
9883337
3278217
2933105
2331075
901487
3870695
8909624
1920040
5233121
1528089
7648909
4756681
9637558
5360090
9727622
1740853
2675146
9739546
8718048
3143939
7886824
8056129
9627502
2270711
4371093
6161736
8222846
6736725
2272119
5236164
6498260
6427682
5247790
8333108
3139970
7726924
2783884
8810791
3687544
3320887
6948899
5085778
2854704
6171055
7676375
40984
5683852
5899593
1550411
5872011
2930540
2324050
9426436
842538
7100632
3676628
3558217
7753848
3663046
6271487
4270290
4720878
205774
4123193
6094631
385380
7263576
9564859
3086222
670447
5679579
7074288
7384440
2231734
5101108
8753226
1471662
271913
9792866
3791438
6064376
3999457
5779123
2606649
5367780
2586382
176702
4559051
2070997
6719324
5729694
5207223
2290804
8972708
2704822
6405912
8634690
5016155
8051937
6931
3224962
9797552
1541427
1733352
9925745
4822256
5293551
9220492
5023762
5380332
8175530
3831810
9938399
4653433
2926634
8077156
241878
7407156
1362798
8063899
3833886
219669
9709452
1516935
1381353
615553
43916
616193
6949902
5627676
8480373
6027116
6863435
7036910
9334465
1276238
1226333
6128248
9179682
8117956
5390067
3271786
2752878
9077363
4924407
1497792
7503946
6102802
5452336
79583
8252345
3953147
2417003
3033471
9802336
8984486
3128862
1270412
4528242
7159195
9834772
3891807
4626528
9563976
4465708
4584590
1206082
1410573
1862323
2302205
8683756
731938
2909109
9362977
5464632
509122
3619702
6207108
4366027
9778140
4040974
4445154
319125
557276
6261967
7911457
2662599
86761
1644352
858122
3456048
1672703
5822506
150380
1686723
7550503
6622004
2604333
8900826
4187472
9312149
941264
9255950
6327742
3134039
9458677
7108725
9541386
9979995
2639528
157529
9171493
8523781
8983719
8771558
3330236
5159746
4940551
9165841
7470417
5106648
5227017
7782489
9809643
9488563
2939263
2368446
340500
8827396
4202783
6011071
6572291
8632732
7953900
6305877
8754501
9740258
9556943
1167174
387149
5796111
4059981
7741834
7804760
4333514
3253933
7146735
753572
6092221
9965999
4555711
9139896
7956426
7677847
8369825
4586503
2661301
7491721
6163164
3570604
1121692
9507441
3601479
4594923
1532588
8546274
2075352
1688330
4722795
9130434
4470523
6584432
6716471
8163903
3763720
7044532
8940094
9691472
4103674
3080466
9838887
5929866
433651
5892039
7674224
7086962
7741621
8453920
6377040
5919810
4631734
1040782
3399508
8406486
7547225
1898723
5502607
9188371
9869384
7095670
1540248
5913965
2064098
4762653
3891045
913785
9781325
3138324
5725021
3458510
4449557
478875
8737895
3559051
2546110
1894573
8919732
2953977
5272796
9434736
9033655
9064639
878724
2822070
540314
8816579
1833169
1897159
2041927
518429
3001758
5516130
1967646
5934292
2276931
635814
5768349
9337402
4689468
8229588
3738283
7792073
291226
4912342
7544278
6291241
561867
2917676
70457
1043925
2679284
2177358
2141701
5213925
8144629
389243
5563762
1362072
2539666
7226314
1904039
4737404
3579738
7404153
2777359
979195
3411791
5362905
2898382
8875848
3190238
6781392
8561753
298910
9881818
1073152
6620052
1825776
8758589
9876266
6558603
9384826
5332974
4819112
6344589
2360206
1876873
4924644
8275648
240828
7015229
7487706
6717130
7376550
5638982
6223637
3390514
7042962
2146053
4466986
5957881
4115971
2955919
8895308
4228399
9627541
2161166
2858712
1305941
1788518
6551742
8953605
5557824
8296738
9986457
2063296
4932025
2812328
2005004
1291291
7801939
2682101
4375165
4085988
1973305
890021
4732495
4990564
5711694
2907717
7500859
9549948
5849747
8583134
3323074
199685
9063270
7916254
1323010
1095899
967522
814851
2945305
3768097
1240657
8167373
9790699
8430030
2299275
5756198
3949971
4663107
7298070
2614346
9398124
4328225
143427
5181640
6353009
2096824
1426752
5475606
6439395
5121065
9108516
3088192
2127760
396443
9292184
551460
8335005
6931787
9761283
4340192
664949
6186030
8985260
3009106
2653176
2009475
2234641
6918321
9581619
7388793
9676893
4869946
3101464
8259653
4329958
819629
3414484
1686421
7134278
9702794
2906389
3529587
1184744
3965109
4919802
8517305
7822747
5008817
8310095
3143778
573197
4574102
2446674
956717
7707150
1326113
8830048
6323938
842937
8224265
449015
7829138
6548579
9357681
3153576
8898943
657632
1907696
8110189
5829285
4330349
8053862
5390406
6428045
4339003
2553515
6214975
9790607
2299847
4811244
7009134
5330901
8094296
258623
7742909
3947477
9099283
3450816
957010
8884062
679628
512535
2926796
6266102
2828092
849962
3569419
4875621
7463236
7840787
3937046
8026889
4719141
7463953
7361845
1869851
5031268
8175033
2748020
9546922
4889172
9028250
1444141
2865289
5065851
1386085
4671605
1015818
8017960
8254608
3119642
6421851
4038949
6308327
5967545
1791440
7931511
1855586
1580067
5176941
2089636
8106264
1328454
4300824
3083806
1756094
3621356
6820321
4822036
5163658
8260014
5547328
932624
774366
6166339
450802
617425
6751129
6027315
3058583
4611158
7533897
8626957
3874254
3648243
5335188
3314940
3515670
5648407
5275764
1712990
2350063
1404005
3438765
6280743
7954591
3126775
2799883
5561828
3457939
2676030
1293840
2237814
817013
4430136
1335818
8667540
9141346
8008890
8879891
4024781
4939977
2139672
1719435
7538367
182400
8750069
6682234
3641717
3677097
4613880
355892
8896876
2577637
6000418
4624625
6313148
7628075
3146861
1251110
5181373
2454209
3036011
2960144
749333
9461950
5387054
9827370
2063268
6435069
5852807
3318474
5977853
1600857
2558317
9486750
2272318
4567779
770988
3897969
7222693
5666870
8619909
1379561
5707137
516696
3056981
4123906
4807397
5901429
629807
4813180
6227095
5254451
5121470
8368347
1619767
3008825
147557
4325775
2214594
9878361
9507102
4525050
5953586
188630
5451715
2679444
952900
1491950
6439927
3879909
4066414
9233852
4793951
363573
6376406
9850909
5837479
5731367
6648530
7269392
8736521
1533386
230852
3610259
8829437
6369918
7768749
5562834
4436724
7964059
2137102
8141575
5457707
645976
1925554
5896887
5586000
3852749
7071570
3582993
1883358
8231919
8353317
2419793
3642667
8839298
9369349
4930062
4828263
6821030
5347606
4707747
9411137
340383
3010826
8353473
1510660
9615704
9589096
3536614
9746918
8689695
9837185
2487085
2279450
2073271
5776291
8926830
9285277
481311
5500739
7134171
471368
3465335
8974199
2652002
2883334
8079294
2677810
8953665
7478381
7812725
4647716
2394172
8684056
5042751
3160375
2243560
8375305
2601637
1405088
7713449
7029946
3335329
8928266
5899260
1445072
5264250
8463495
438227
6045536
8822087
8259603
382167
2914576
1613152
5593964
264454
1087783
8160695
4466236
6693849
173959
8525328
9885583
9737448
5599417
4431608
1426201
488372
3449730
4172777
1831110
367554
9927821
676433
3661662
4870949
6316789
5577227
9484873
4566240
209564
3088408
8624133
9691943
4939637
7244021
8501175
6735525
738456
5715340
8864192
6278920
9118031
7065658
2646294
2525341
4301694
6687350
9468198
2744358
2340041
8506562
8188017
5286495
2069259
2857916
9112327
3750903
2265910
9360685
4674917
8981132
6961990
6969050
7487311
1523133
9499207
2069739
6191448
2668451
7392865
9837406
2289972
3543420
5816511
2534316
3303079
2890210
9806854
3683647
8031907
3778918
2100736
2242453
4315357
3978477
3349051
9559026
9507559
4847546
7706300
2487742
2623588
7396507
6221308
8663165
4446078
3244491
1341343
2274308
1840690
8694583
9419646
3759764
110897
1639329
5155115
3393
3558416
3378664
5847863
7413391
5105409
5737577
8077809
6862890
8775389
1745698
9725591
6006670
8738157
7729788
6105241
628276
2820707
7533867
3125172
8217346
410643
2898336
583739
6414858
3651286
410795
5888283
4115533
8765655
3273229
5300361
3329213
1237524
3694093
2717470
1092486
393753
4245838
8569202
5590424
8530408
8578065
3024830
1953921
4694976
7807687
1691995
5198445
677243
5021248
8663502
1867019
2901476
4916582
585664
9906669
2378895
2985012
8010265
2492970
2979622
3901060
6428341
7598727
1317564
9052811
4871577
1484421
1064987
8839073
8109082
7448826
4971922
9230068
2105865
7174102
5544908
9714186
4506776
7889548
8582669
5278146
8315170
9732739
701666
7823773
9763296
3579231
2100240
6549822
1046129
7027497
7846500
9994085
3168446
8258282
9248700
6816627
2028399
4508254
2616604
5167059
7329456
5917114
8259566
5339437
85567
4564297
7214035
8809622
1390506
6654754
5940558
7663152
8429682
728707
2903520
3663437
8902855
9152746
7121086
4456559
2546269
8691003
3033950
2471265
3734913
7190609
269963
9871881
8686636
6453797
3848158
5452183
373528
5566864
2812458
8711005
5613982
4776962
7582348
5098420
5257467
2352226
7000784
8909585
6862686
7892744
1523719
2374858
6238642
2777772
8627216
9029741
7449421
7521441
6185955
5984324
8268008
9680207
812072
4236763
9650473
648838
8236278
5879520
1910634
5856521
2028827
9624689
7029517
3150840
8815826
2418576
7308447
4424000
7416646
4783803
4604301
3736252
9453893
649728
127947
4140670
8916727
9823528
5653296
3049809
9832715
7250317
4972099
9919427
6109712
7860551
7636867
7231792
5236373
2860373
1558987
4157442
8297479
6593417
1527484
316494
6998789
2213744
9145064
2976927
1163465
6672074
1644408
2646120
2468978
6958943
9959141
8653430
2645527
6883140
3352223
6227435
1426897
134524
144717
2820447
6563519
6030386
3907571
7177007
274839
2701240
5860568
9200653
8442286
9512293
9992474
644577
7059393
7828627
5997223
5790832
3216006
7892493
415034
2291572
9215065
6114323
6201063
7373226
1570876
7815387
6422871
5235763
2077859
86985
5508114
587500
1453224
9375989
1634408
9118288
9046162
8617875
2669481
3113766
6590195
6271012
6718673
8834958
8971981
3560211
7910662
2648118
382552
3167169
7231739
8235944
2761826
839420
6991608
1143501
9608226
4863722
8595994
8452616
1600665
8727014
6903362
2960019
1585475
1542038
3540421
5760944
2530466
4559645
2385591
8790303
207681
1930886
6842926
2696331
1492432
5428369
2786952
3307270
3858899
8493182
6390309
6847040
3815756
4920679
2378091
6922046
5671478
2182758
528979
9871603
6963686
7656113
5547158
2076169
1080477
4973812
3446244
9213982
4694655
3603292
3062902
2923790
4088186
3968365
4031858
6829479
4270966
3360882
6916064
3704330
4137621
6926496
1272644
4461305
1992328
8056382
9224234
5384481
8470864
7821348
1283952
3319601
8745840
8791582
5105165
9914893
7263462
5927108
9658773
8995154
8903635
4041276
9732972
3557477
1943300
5014827
960258
6217281
2834879
4885614
7381496
9482867
2879467
3823959
4096734
8829562
1215415
4700107
1042121
6753378
3674619
5980575
1947263
3419164
8641500
7759455
7993273
7200530
1896053
9053536
5714286
4574189
5282677
8868971
8272753
8655024
7866033
4841787
4699135
7275945
7713157
7062395
9755699
2785365
2963347
925308
958336
5596469
4391124
1778498
6067362
7521573
8300862
6839210
5577213
5641766
7679151
3523479
6895504
6378875
9277105
8633264
4058251
6346038
8652986
9529881
850694
9483461
1836477
905325
3494277
5673849
4935240
5872468
9375838
6674244
3547287
8668554
7423428
8882486
6141966
1601066
4667298
8826356
8987875
8892913
7176340
3568508
862531
7097815
5594194
3373291
9934356
3876943
1464235
8058363
4379493
2924605
8773775
6201164
3198797
5652709
6701692
3245458
4649305
1349481
5295609
4680644
7185866
9289539
6564881
6475895
5538732
4863057
5595261
6828516
7543050
6050657
760486
730305
2974379
1145694
3664789
2191190
5597426
1279434
4704644
8247479
4481436
9771284
4311089
3815138
8505571
9892155
9839058
6396231
254198
5608040
4178885
6695271
7481751
7045033
1440624
2638284
5049903
6615571
3440405
761289
392200
3787233
5677498
3752913
1077955
9868989
2903776
3725658
9668274
9735455
6400154
4154038
4761865
8691779
5015196
948022
549326
3489649
9792885
417459
6787164
565076
4957463
7591094
7253837
2437817
9360217
9209030
20237
3955312
978671
3086159
8963267
3060471
9227013
8041871
2640907
2201106
8033659
7273716
1576960
1590077
6386529
7110607
6190532
7556507
4724168
5170381
9362819
6824674
2614373
9818343
6448526
9213835
171949
6237718
9304852
2666112
6896192
6880686
842341
4368330
8539450
8847253
5289712
3917199
2848664
8979723
918587
9934103
6518393
3608840
6299273
6345081
26220
9787999
1814630
2751828
507108
3768445
7805864
5999298
1919028
7565547
7049795
499384
8681042
1703795
1231399
73847
5114595
486631
9097653
172597
8409045
5428930
4407214
5676106
6556718
9288661
2031691
934417
1185229
7293679
4861718
6949131
1246746
9463181
176280
8559256
7227405
9681958
7950088
8498067
7267984
2681317
5144967
4864924
4707012
806677
8931596
3495269
3153655
2498393
5042792
6094144
3711926
7227373
7067625
7672024
2418353
6599243
9628636
420367
3019582
1621249
9214269
1028009
8475369
8649910
2581886
6206816
706949
4981790
688227
9555976
8372953
2363949
3256310
6965708
6311966
7535078
7353924
7700408
3654316
1491777
9107669
1899877
9946321
4860957
8862654
4887146
5682656
675239
5797181
262103
6239051
1564812
2195403
1703018
4509758
301335
2517906
9227914
6961126
4023006
7108972
2716103
9471194
4203332
496549
2101875
4014020
5554911
3439985
9833314
1724915
5950637
4812383
832734
3696420
5652733
21360
3442476
9741432
1861165
5248412
5156474
3794992
4554332
3333359
5187401
3270702
4386684
5508070
7062001
5276504
2902646
8635981
1542135
9933808
9437894
7136119
1386675
3717533
3456
5540567
4969636
9354578
8265041
6040346
7853397
9119231
2498155
6743890
5685261
5363074
5690677
2046206
2692229
1024126
7783089
9800518
5258693
3250877
9122131
4457751
9487065
191990
7578325
4498670
4018036
2440772
6106304
5151540
3860659
9966529
3168775
4685928
420147
569169
5542514
2914778
9779259
5712023
2773668
1485819
9708869
8572202
2402185
3117829
2957153
4759240
5423966
18958
1220539
5612039
5479425
9282013
7059175
3568085
8858116
8702899
9929189
3769315
8847308
3499703
8457019
2616343
736897
7277749
7265426
6569626
2521051
5332490
5092651
355243
1577179
6011818
4108121
9704405
2605013
5189250
7914751
8593402
6149585
5990037
8598904
5983679
8944961
1771274
3036050
9031766
1709386
1794964
4297289
5911238
5118483
3888253
943147
1890658
4658371
1132732
8676630
351679
4398608
9164830
2137635
5619022
5257840
4023431
6982463
8639027
1872836
628990
5320754
1062840
3756277
4544252
2399051
9155775
5602793
5191353
3922974
8113628
1140088
1354221
3448322
2513907
3740277
783611
8370780
5013461
7260288
3013952
6204315
126016
3920741
2344364
8473073
4566164
6779183
8519568
3085010
2248409
6166829
7607122
7538856
3366753
6232873
1827640
1513542
3569270
9421382
1518942
6153524
2587858
3729928
8800236
795119
3723890
2965657
3320932
8118973
3988459
7757348
1066629
5751275
2121082
8190511
8260801
8905178
4757443
6574775
5236840
7837599
334454
4265384
2671431
2456710
7630097
7918974
8321221
2131918
466726
9378951
1782208
4270896
8076830
6534549
7892489
8505969
3615509
1264711
800043
9460252
3039838
4703268
3252146
9167625
8941794
8887575
5274909
5157232
4921354
3457372
4501820
6165624
7740177
4244356
5860689
2705219
2576318
2064947
3469660
506069
4019161
5729970
2615120
2429405
9794934
437613
8971882
4969608
2338347
9435084
6924999
6563980
1299161
5048053
6698614
923071
7741963
7779715
5126832
5604558
3793688
2386816
1433811
3170002
6137535
1078196
976581
2085007
8983367
1314582
7298189
1313505
5453394
4323245
2076266
319815
5488793
4767601
634223
7260058
6437656
5082127
6069690
1750844
5126788
8392134
4178952
7249531
4506295
4094388
9942458
284872
6925386
8608954
151379
3222097
7914
7423051
40797
8545961
3935076
6480102
4528995
5317900
7324181
2218225
3190761
1343810
1048069
7680488
5714165
7662153
6182864
6967127
195373
2310344
4127163
304226
2836418
8376488
9344239
4170047
6801861
3814424
6858452
6326754
1294312
2147345
5984665
924155
6565619
3933872
6532538
7310777
4930898
3676204
8181576
8705718
182008
2972992
3582120
4402461
2737794
579445
7631885
5736505
9533419
4911748
9964556
9464710
7187390
837324
7380807
7333487
3851447
4047913
288474
8230251
7589205
1036496
7681104
7033316
4615375
2307382
1063499
5975187
716564
4456990
3047154
4375427
3774283
7716382
9776375
6266867
6687653
189914
7855547
2320387
2769158
1886856
7718907
6513075
7196836
7581705
287879
5520740
9652341
7351207
7152279
7208487
7575601
1142081
9661870
4988199
7718396
8943085
5099772
6987881
153487
6210975
4323247
6566955
2753242
8809889
6870851
1184023
3452181
616689
3069112
1567879
7880861
925198
5746123
2839843
3601045
4071068
7270294
8532704
9355210
2731277
7069828
7062329
9160833
1010689
8413460
3036782
7053558
2434497
2784528
7376547
8098811
1801175
2535830
3410278
5672905
4152198
4753110
5977890
6772918
5017365
6048875
9280496
9033847
64979
8219123
474590
6041862
9945567
8687299
3560784
7035101
9386241
5974930
2273155
3886030
3229682
8327302
6538592
1310519
1646451
3657161
9124527
9860296
1661535
5676037
4771538
2934545
3401604
6299196
9927161
2193713
3058270
5932862
6142357
6730303
1748722
2221708
1121393
7523802
7770463
6752054
4388222
9691281
1455944
9210244
67536
8837713
3927342
9783123
9175275
5459983
8735808
4185341
9377033
9680764
7762769
4343373
1121816
9208767
8366042
9510542
3536983
1264498
9682170
890341
7612108
2223590
4135889
2852135
1815532
1131477
5307575
1391059
3421008
4445741
5553717
6798161
1655946
4749899
2998905
560375
1424824
5423836
5718276
6325055
2462975
463069
640002
4886918
8797551
922724
7454445
9482577
7603092
8221036
1835987
4814140
25553
2600032
7338254
9936557
3669615
1860535
9625226
1241601
7078582
3559121
3182715
9528698
3261451
8032838
1855208
569864
728039
6740085
7254170
1141483
7210868
2838080
7268009
7642033
9765560
8129769
3214462
3275832
9733655
1126746
2672085
913933
7612858
4011635
8580930
6240990
9850519
540930
9340374
9497628
6643078
7422322
3162994
8162367
30220
5847350
1644299
6133074
1172693
2210787
2327447
8139449
7111849
9728020
2880757
1690820
7836631
665648
4219290
7047000
4151841
4030280
5442235
1013351
4613830
1777978
6608004
9794715
4694436
968391
5715720
2064151
5770271
7221739
1546646
9482425
2653714
526821
7840653
4555137
9872738
3193846
547965
6735744
5966057
5573553
5395538
1493425
2780434
5126798
866046
1235443
6551665
6413659
9118130
8777962
7380340
161754
4070544
253214
6073133
8633386
8470004
1701619
4724515
4132492
7766115
3395164
6649454
2091888
306591
6364320
7523226
3156189
4501470
7796062
1519396
4453894
31475
1824073
2700428
4351239
352241
1034458
9158490
217272
9133263
2871515
3398966
9128528
974452
1807191
1237926
8162271
4420352
4675542
1777852
241135
3208102
826629
1700394
7508485
3423676
3716280
1650773
2294813
4865727
6153797
8754286
5626073
4120254
9368198
839465
6137763
8673525
8193447
8421576
7501391
1575757
2716313
2037417
338835
9627239
4563797
2613020
2652926
1479750
6438590
9802602
5234386
5666550
5236478
8112582
9426367
1977404
1488192
2733241
1565056
7604865
1067944
2597388
830905
1310355
90861
115483
5283105
1475480
5570097
1378969
135239
3435575
3301475
9241003
7599186
6201799
8059492
8924814
4515334
46072
8697090
3640581
5391011
7992050
3640224
3091647
7135089
6515766
326367
4963614
3001947
5791432
2704324
9262977
1902389
4091634
8963957
1295187
718766
3074748
7988188
2743610
7702021
8629398
3993020
5341085
6640926
26158
8974105
6189556
8899228
1756670
9168250
5039721
6522782
7010714
3946757
2126093
5774102
7062972
8495036
5993456
8277966
2730647
8958743
3105780
3397394
5872969
3053164
4026329
5183414
139990
3521329
5573615
7266514
5721029
1656047
6963017
3073389
3103931
3951318
6516774
7217466
599072
9235061
7626423
1243244
2384924
1916010
8988553
4601360
4280869
9200609
4852887
5706235
8216007
4453744
8711319
484078
8027947
8499788
9794876
7114241
3200534
7925078
1088052
3023755
9212279
5694244
2786670
6459567
7050740
83479
1082575
677405
2295902
6119840
6632750
4235597
4943009
6732987
332984
2426974
9940597
2238740
5072800
7956166
2665028
8059261
9476563
2625428
4924414
9535011
6239121
3082530
5659403
1492545
7288012
3329660
3397087
6727228
8105099
5077585
916569
8313564
7574183
6833263
6111976
9035068
1359032
1022363
4442670
4655700
7948308
7010597
8930839
9554155
4958474
518476
247432
2832355
2000336
5972657
2732795
2745035
8201040
1525567
5647529
391020
6198696
1749817
9808143
762451
1591697
7259136
4176277
8811332
9410424
2678698
3009520
8036022
5227477
1018601
7371629
3363421
1709359
7989174
9235884
5123677
9747033
8378079
9584940
1363665
5625061
1448569
7978255
2442498
8707134
2989570
683528
6052814
5620053
8516676
5938152
4835164
5488869
4037747
2065441
2838781
5274610
5021248
6864484
9609823
6836275
735191
1761314
9357864
2521014
9724506
2314671
6295276
3914950
1287126
1489644
3515017
7537572
762941
7498162
1128938
5494940
8599486
836280
9053669
5845683
4950388
556689
4011500
4466510
9027076
4758511
9584056
2353898
367979
7994988
8547041
8083616
2639866
3081542
5671931
8700974
3064734
2335150
7449959
7590133
136113
6019608
6047024
7440271
360123
7609342
3816361
294560
7262389
9684618
1760668
9639950
3712489
1865301
9809473
786026
7041513
54161
7463854
3733993
6347893
2627759
4154409
5437713
8415992
450838
2416513
8293489
7685215
392902
7535583
8082090
6478663
4752683
3440883
8645074
3807150
3454180
8184959
3636741
3830852
282610
885929
6769885
9824103
1245891
7317588
6148152
7762733
1562108
6550011
9784428
4394250
4727703
1033827
1970395
5626067
8696760
5176122
8792400
5787106
5436063
6077974
6051295
2115493
5851143
5185249
2198596
4740259
6957861
8066546
6785457
5979693
5093711
1653111
8576977
8352284
390115
1992994
8040949
4893200
2299137
7223520
1842907
6763748
3249730
4005511
4558709
9959995
3636243
3370295
1410023
1120043
5068201
2747512
6415062
7185712
9284181
6537708
4422549
4380722
1100056
9475853
9302258
4909646
7371748
9026852
3254884
1966883
8830887
3163968
2484052
8108276
123815
9180446
6735238
6957961
2580027
3756900
9167109
6300686
8243605
1304028
8041182
3771784
1838744
6412148
7342982
8354266
4349953
5951602
6552281
5182274
2328859
8652089
9631831
6075107
3621238
992404
6672233
5909932
2398473
4549141
3874694
8759468
7351892
2313634
8571764
7802920
3274130
2686712
2750535
1716279
7148842
1019541
292992
6954160
2788725
6636737
3460588
8397245
8232863
2235968
6930973
8360949
1717944
6988049
2119083
7275437
2811846
3151717
593544
776165
2807231
6418036
1799839
1121684
9380357
6403546
8457379
9033742
6586524
5105996
116205
3110416
6969388
2271722
3482475
4322480
90338
2894462
4286389
4385799
9934624
9529405
4944962
8239962
1278785
9513120
4240681
5216286
3646068
5914998
6920620
8648638
779094
4272483
7124200
5178716
9781028
7180105
8561261
8855907
3908254
2607884
872526
9503253
8033012
5238079
6391125
5899679
6208818
2804961
6108434
2535391
645299
5038075
1166685
9390779
4304417
6648681
2167910
9252190
7207512
4877475
2019169
7130572
7850456
8942677
4234194
6427804
7653095
2807945
23552
6162003
709478
8961362
7500284
6070126
9432847
8293889
703144
8147622
8726961
4601754
5490617
685014
5083423
3598472
2234982
1847910
4362379
6928219
6001380
7980517
1938055
6759587
6104374
761907
1355834
3531106
1382471
8649481
6843435
8500721
4159840
34697
9613562
875831
5846232
3305082
7104743
2145467
9148187
4292590
2150320
7446723
5674404
5796552
1658591
9288958
5938209
218190
1466327
4537297
7544673
6408659
7576243
893101
9075302
5303196
5728522
2626687
9079139
5185954
1117997
7946689
6992461
1931917
2471872
7783488
6400201
833750
1684018
799559
7682045
8549908
3889879
1545315
6488943
627502
3394234
2248208
3730309
6401396
5390733
191240
3256130
1645790
1045139
279005
1415432
6705635
9607804
1353540
2026606
9518135
4620205
568090
638533
8366709
2862015
9174951
3699447
5017455
9237610
3113329
2173197
8272309
1921041
9284264
6345426
1506266
2491636
1865514
7156193
4101303
6900112
2920537
6972211
2823205
9583514
1854266
2319377
7075616
1419373
7544828
2327325
7317595
2502249
7209547
3116912
4739976
1407462
1397885
241919
5080724
9001540
9785308
4300172
5230010
5378701
7488271
8938406
7427737
3921537
685065
6963897
9224043
1308352
941555
65543
249684
2661395
4023769
5318580
1903691
5477831
7257938
9987406
4805531
149691
6246598
4951230
9317983
1366628
7836554
9947854
8365045
8442986
3001730
1751649
2495074
1178757
8747344
6126673
4719185
279611
5008970
4275524
3138787
5656173
9134785
3834458
8750922
9639687
4237521
3920882
1013871
1526820
3554032
4794478
3946487
9365778
750655
2792428
7041511
6075212
6463005
9775425
5554031
2127317
4022340
9938787
3739710
1649685
4664487
2167322
3947634
2610726
2407935
4525774
6367138
9211200
1568335
9161265
878925
6296938
7754341
1529026
759694
8256266
2852943
4099422
3884621
2318508
945432
2440492
4106015
7068364
215316
6652979
7553558
4315595
4031680
5174581
8294940
2918703
9906415
4464076
7294899
1144096
1864707
8555978
6392638
961491
50999
5930620
2079545
9952373
1740473
8832770
477207
6178449
9567670
7828096
7149471
9874897
9761727
9571410
5082627
8352764
1281383
389106
8301269
2898128
9398030
8583293
8263207
6482003
6658860
3889721
7868435
8241753
5725080
6759171
5698089
1823245
6271743
7880341
9874376
6661446
2433916
1895139
9747514
8925372
2192717
9514266
4340897
2439256
7084734
7754765
9938268
2218401
2478838
8066522
9626542
4693987
4042218
7129546
8334092
4150083
1849843
580963
4448931
9240671
667229
7421468
1064833
517178
8240746
3444039
1500593
2270055
9748503
7607603
2608998
8641694
524252
7440825
8828402
9467741
9318612
297034
7440649
5816809
3154018
8764364
4266708
2989557
924695
2284468
1546632
3522872
6260511
388119
5421530
1467115
618796
9393766
1502218
2218193
9710455
9913579
5001268
6255503
862200
7808657
2830596
1432213
9054668
4077026
2466479
7593061
5768896
9747025
1343966
8601727
720503
4496732
1110866
1313909
678788
7265636
4755527
9975566
8952019
7759708
1853848
5395493
5028611
7003046
1269578
7450411
139855
8972867
2378814
9384276
1860953
6187804
4458106
5367163
4703996
3689178
3731753
8691788
3490229
5077037
8031554
7175211
6327042
2475713
9631259
8764184
1582441
3094371
9519045
2497852
6393297
92266
9199851
1058646
2090098
1328961
8200875
988860
2428540
4104176
1134094
4760630
8822721
5418957
2469911
2888754
3278331
3920481
6438724
1881252
3595657
8481461
7717105
3144306
9838719
9719945
2218502
4944755
6390838
8754793
8434718
9102869
7701239
4656540
1645211
7087473
2554842
2869818
2620713
4736809
1441619
5016395
6381284
3027169
6550327
7698331
6721699
45181
5240382
9179126
6233395
2435020
3408491
4731144
4265412
9186604
9619973
4401765
84006
2947754
2177807
6435969
1896486
6261242
8510078
160761
7792660
8970586
4623278
4235126
277778
4092144
2283950
9360900
8679054
3231017
4789590
6590973
9160338
4567863
461722
1070489
6090153
5241724
5558892
4875526
8053664
808277
4387065
9291218
7022707
4577001
4708239
3517480
9586147
9846405
5787871
8505984
6605026
8760299
8721486
3397071
8607897
904056
1142421
7711834
3338690
3001975
5250362
9828868
2172031
3616863
3863517
5466947
8644140
9527582
9334141
5205603
3315775
8622475
8149057
5423892
1560547
2050965
5433266
1614554
8242423
9790307
5729766
9137873
1130705
6764522
4681888
1764354
2523222
2495896
5012530
3029317
6881224
3833517
6341435
2336660
5533275
1830737
3465021
7155029
5029157
5854002
8941754
7436253
231122
2728809
9042228
97475
1575821
3377723
3014715
7079664
1956202
6353608
9357865
5551201
151377
5572269
6766114
1255056
5602811
9568663
5321078
4164392
4701487
8061164
7605474
6811521
5397992
2234840
6668258
1229045
2136397
6823720
5879575
9386081
9332049
2537249
2183779
2224464
8118039
6289174
973227
6869855
2642227
6834484
4784610
1995744
9094656
2471401
4005198
4839853
6420369
7823014
5696606
9749798
4961293
95700
3616565
6777031
4508216
92436
8182116
9322456
9472290
711756
605347
2423965
8783501
693164
9091195
3184804
8432034
1007611
5657317
9640054
3924418
8372719
8855428
8644683
3646025
4294476
4069305
4797408
4812530
6644651
393099
9488663
1168906
7703204
8889234
4578673
9193918
9618933
7506375
3313326
3414541
6023987
7871856
477922
9440107
8739251
260243
9287047
5406360
6939160
7627044
1773234
4968052
5254901
7654652
5769763
5616567
3107139
9136181
81348
3591250
8451973
4073630
4092370
5394335
9130181
2646495
1021831
1034532
4193505
8597430
9700168
2558283
4499305
5039725
733394
701928
2654274
8335201
5168515
7619893
4188233
4137206
4635317
2610212
7879912
1994877
315262
1004610
4326750
279528
3176837
6766076
5546490
3988434
719988
3949377
8682839
5990631
8797172
9828276
8643341
941558
9650030
1410652
7221194
648431
8447382
5560004
6115450
3646515
313907
7312485
6247255
3995931
3252527
1465782
3587014
3512915
6501202
2148051
9222938
7505813
3672275
7885361
7362615
8093290
8046788
397693
2771400
3266917
328799
6692944
9885949
6847608
3523171
1499015
289769
3195879
4744120
9588782
3267535
8194114
9329490
8815929
7231274
3951329
5519974
1257645
1075664
6106533
7449345
359724
2357381
5858484
4375394
332462
732444
2046513
7916301
5139369
6412929
1567971
463561
931051
6783373
1985873
138762
9288523
3131854
8817325
253772
5304789
1110383
7462629
3836570
1953858
8346238
6867750
8395334
2192329
1821108
848813
769340
6205468
9638323
2470630
6370335
2793364
7882540
4930086
6020623
4440812
9178051
4429357
9640027
2146866
9745214
4646482
4141014
1065915
7812483
6662927
6002998
8878259
3977101
4822909
3488685
4594142
7662177
6787894
2318895
1043686
4650154
9178858
3804988
5081383
8807803
7746353
1037257
9657499
7654833
3957912
767974
2787793
5823600
5861928
8783977
6299026
6052990
8961062
9755994
1436318
9496538
3700985
5479866
4883936
2878038
3866400
765789
9400021
7276043
5336954
1315637
57080
6158064
6194632
8490809
177105
4817322
3174201
8646852
2357859
2771585
8715300
16621
7613314
5635791
1215465
5729689
7131379
6758663
2128315
5056770
7182590
1835719
5129781
9073498
2676626
6881576
1401032
8129880
5561230
1195442
1348830
84251
5482068
3986947
1096999
8389489
9249989
7288450
891984
9376525
6009519
7668980
8719711
5820265
3121954
9584934
6410745
7751061
9200683
9481531
3689654
1575897
5129829
7006739
3795602
886067
3334080
9234331
3910024
9597600
6318130
2379390
1726443
3895480
6048952
3749841
7722839
4367957
7898078
3806717
5268038
8167920
335888
1382360
6677513
2128637
9247062
1076239
5732886
5099929
6697866
5694513
4892361
2202158
3699176
7728545
8458509
3144748
9198732
2056848
7210522
1419148
5006493
154292
7754472
5908908
4360879
865196
6312625
8266516
8033769
4776344
8267689
1798481
6133875
652646
1011563
6538210
324418
4706820
5217817
2886395
2573536
1744
5657972
5878808
5779810
7649491
1090008
198000
1480900
3157964
5946735
6696724
1523780
5948614
6374017
3764411
9683869
6690509
8251219
1477030
574412
1115401
8971323
6918006
5073312
9905003
6913969
5360003
7710272
5381541
9259646
9205798
2787716
28246
6415257
1411399
332825
7737217
3285016
2654549
5525908
7625052
8542855
5687794
3577712
7818437
3582722
396338
2983973
4305219
6397885
4312964
9600622
8686253
5586658
5215230
8324333
1171309
4636989
189154
4685792
6287490
4148440
8959763
4168857
8025181
5937544
946591
4533031
1248734
4748188
1246412
6246262
8597177
6691217
9173574
7631360
9677745
1013234
6298165
9192493
3256021
7128359
7719173
1383047
1780834
9849497
766759
1529447
619443
3214984
2318160
707461
7768183
5670227
3269988
6555805
6773511
6963455
7389445
5720892
3557282
7672715
7054070
4667488
1855152
3820482
9028746
551300
2749711
1688749
1824623
1111000
6821616
1934574
2232532
2901718
1499925
9483376
7131047
2341498
5244721
3520392
3442812
7320642
6332270
7888476
8968401
4215517
5345285
9618057
5555335
9995454
3791499
7430023
4317878
6962958
4689966
3991831
5446600
4873202
4056509
9094061
5247339
3156414
3985603
2215604
9325904
7358367
7600348
1338408
8248846
1072497
1489177
3829668
4548727
509261
375174
3259436
7356064
9043142
6172047
156707
6484863
6438356
7880759
249206
3114130
1896356
8066901
4551039
4219011
6192004
729994
2343568
5578151
2380691
5145474
2870574
4855045
5838611
7484297
2941176
8571610
196812
8447847
2382050
8293531
7365751
8157158
7253450
6897465
2565144
2381282
6899359
5267611
2097928
9508094
1895576
1510674
1179679
5684067
7895036
8694290
8783191
7073063
8248041
9185406
71346
8718611
4600469
3612564
3434239
7176007
7904003
131593
4863701
8445116
5959764
5173558
2538159
1511046
7710559
1231708
1443201
6154071
3293020
7412949
1597444
7176894
1212235
732624
7550192
6757665
623392
2218445
824664
3009666
9341401
5166822
528489
6977703
6970384
5502498
2151522
4434256
4560737
4071810
8163700
3563692
7060058
8538550
9929407
7268033
738821
2368470
6186052
6018246
3867356
8044277
7234699
9349867
9418017
7726779
5523718
7085735
8196718
1058124
2407851
2601961
992792
8470673
818261
8514731
5570867
8073966
6266148
1165480
4643577
1220213
3563588
8807606
9895848
6569617
1525050
4098689
5240176
109655
2852053
7902320
8364074
9627578
8817455
7044248
2870959
4846481
1282384
1534193
1077664
6466531
4226043
6765727
5963818
7463338
6099786
1448660
2348486
9158379
4991230
2253327
8155030
9218292
4495205
8977679
2861796
9035627
8177726
6159091
2310483
9781735
7329130
6886952
8271400
516240
2398333
9465911
597704
7191769
6089256
2835315
7389885
8612740
6404902
6164663
4138721
7444753
7345062
6025257
9332448
9706581
2876506
8713396
1850546
511623
5026092
2120768
6781356
976445
7124024
1693273
1438998
7018299
9845582
8016920
1601214
7295996
5604901
4914948
6783008
2351452
3549584
8722168
931858
1337768
6543796
7616995
2551944
832956
8078200
6060065
2880621
6474996
6672713
9764297
9455674
4397501
6460196
5608039
7172523
6210839
8828753
332865
5898570
3072070
8399431
1380723
6521772
8276990
7395515
4491383
9140770
5272606
4287526
8658783
3305894
1578920
9819939
4101686
9958364
9133610
1983444
3333286
1595252
1935423
3866946
9554885
2258562
5150927
1891343
380418
4546522
7775306
5800805
9693273
7152990
8058355
6145179
5858421
1585422
6300722
3051231
4925569
5976697
367802
9777744
1614509
3314542
1513590
8821531
7203121
9752615
4437920
6953049
6483221
6062725
913827
8386811
1938430
6214858
8404752
1331313
4787750
2434118
1669300
9370290
7503476
6626527
3110673
5552964
8612499
9230821
5793737
4681396
425090
49181
7737609
1678498
6361426
8200451
8047976
838173
894459
2079750
2757276
3014374
7073618
5041123
8367145
6755313
9784670
6430383
8605014
2652166
9329613
2748946
7561072
9053115
5109812
1879432
841495
2967682
6998608
4559916
6842187
8496425
4810829
1573445
8353766
6115792
1696531
1318887
1214850
9944914
3674390
9835015
2195271
1528338
8217256
9252148
4192976
2120167
9793311
2450750
6844737
5856935
2527632
4064662
8191577
9717879
5980229
1081664
2627217
9612573
8755128
7545453
8548302
3972422
78693
1424860
4048731
8832793
1867888
2189141
1083181
6800162
6450407
6951699
5288189
9471112
8282474
4505485
2583486
6949568
6135641
4028067
4455865
1446489
8602899
865311
5148437
1213881
2857288
981392
3436277
3075143
4274065
1785487
7476005
699276
337996
4272882
2062633
5713014
8106399
3423817
8919096
183779
4126507
3933641
9908148
305400
2626212
9522849
6546922
6769283
7571851
9586516
4755591
4187130
9486413
7818698
1217450
6983260
4069475
1197428
2550824
8162001
8565774
7334441
2672695
5487227
6926993
4279741
8806579
764674
9316643
3891845
765789
59500
1176197
7076029
956837
1267797
7227597
9110018
4008920
8199311
6250190
6491494
6758184
8904478
758947
7058769
6355701
8170572
2481312
9376194
6394788
6207579
1921530
6496335
5726822
1873737
653805
9201305
2064375
6968515
802138
5845405
5069861
2512603
1051579
9501918
897667
7581469
7323252
1814755
8537084
9494728
4605636
5636783
895299
2927356
950186
9249935
3329083
7650023
2796033
1513055
7821319
5563800
2683085
662096
9709468
8553367
4690426
3862227
167109
3663286
5089536
8179761
8446731
3941308
2546396
3263408
9276091
4236099
3808217
8839481
306772
7323990
9917625
4327302
4479971
4863162
9023401
2707599
8560479
7523935
6379228
2077319
2961026
7537140
8317140
2200567
266515
1528803
6303349
9760268
2228228
2322467
3706357
1888996
6294915
9581149
5465807
1168871
9381619
1524249
2414378
7083828
8520927
5111547
72772
3812269
4128432
8683090
7057114
4583372
9737089
9915268
7406960
5009756
8428383
6780945
7504736
4548607
1877437
5653218
2270104
9208881
8092987
9088705
3235095
5014332
8050211
1616428
6061009
8736949
3605745
3804202
2831131
2152467
396349
2749388
2569762
2112331
9815498
9729618
3384714
3484023
4090225
7919936
4523672
1994717
8345900
4272693
9993836
1894002
9338783
4311678
7063572
462136
9132634
7173974
7069001
6689103
556494
3305760
2707798
2218551
8252964
3884975
3038760
1471741
415228
7886957
5912768
9619768
9834792
7849262
1409702
7403994
518333
8718092
5900490
3949460
8970804
1533471
5667429
1549290
2877313
7883509
8543104
9555240
9139563
2421932
7923661
649411
7564873
2588597
3409449
8327287
4520011
7491973
2622815
7370078
4493333
2978942
161217
90064
4709985
1103539
6679039
8776813
5594093
6970147
7414514
4941602
9494966
2900648
2779267
6878479
5434357
5758014
9932581
1437291
2550470
9101103
837867
4035329
8768059
8468064
2645371
9997514
325640
4228296
3246723
4510537
1932681
4781462
9515428
2263598
9056192
8199034
4030020
864602
2101675
5354196
1929739
4921547
6636845
9894083
4139178
9440041
7264104
4123060
3423652
5896674
3940419
4948895
1397543
783452
7582414
4930718
8135233
3377393
8257418
8070526
7360262
3818450
4183216
1438540
7652357
5759407
90228
4061149
16683
3289347
1212182
4958464
4426451
9177003
9142614
9219173
5992243
5248347
2476471
131844
7031439
8460955
3474152
7366090
4427686
1008579
4419007
1180559
8601196
9237371
6348027
9056673
429378
2478431
6506327
198919
9239714
2158745
53047
8236763
2542163
8845113
3943413
6842488
227448
3459538
3413923
2467273
7831817
8521944
5644710
9266999
7634510
4801075
7138452
2286185
2012629
6071762
1448672
1545209
36115
850326
3676347
2759678
1911197
7878247
1828104
3364999
96154
4471379
9784593
865417
5751487
9207520
1518139
8937194
9649365
7755604
5371940
9594924
8113168
1391590
8144426
2450019
3179022
7875902
4668363
7056301
1955966
2917869
2250510
7394306
7462942
4556190
128292
9430388
4036628
9344565
7827346
4397605
6836620
3348093
949269
5951320
8832860
648664
9119579
9491122
5312743
6497464
6345938
2514103
8607657
8388929
767371
6349850
4031858
3118682
8944879
8031060
5093285
9776458
3458366
7257043
1698410
6752551
2898872
4463831
675683
6464789
1070897
7263659
3090578
3451004
2634509
3432236
9374425
740447
3595085
1858218
6482783
6918468
8902090
8189064
2869257
6052785
229730
2847602
8552759
522080
5044107
1685538
8372479
1520019
9171167
3198506
1886963
7609507
3391996
7442321
8025498
5180593
2679969
3364796
9252292
4060469
9022327
1784346
1269384
6039599
8076417
2018895
623086
5518427
9067755
2505246
9294155
4606454
5635101
3850774
7468192
7341282
4380331
9176809
5078888
3153491
7377595
1341034
5084869
6193280
4205931
3130415
5557665
2587862
4718650
1584982
8408961
4117396
3102067
2643351
4649467
1377883
4198743
1262391
4638190
3595686
3285516
9144247
7983119
1828068
6458376
7396514
6914583
8866944
6560013
9394968
1577246
5245049
7007779
5267234
5847275
5394063
8889279
8019067
7700566
5373588
6659450
3167509
1990645
5733057
8082968
2829153
6262419
8795668
7644594
832215
4744090
7691555
7787795
5662366
2637354
6151580
2816907
9203301
2163687
5860623
1671205
5254
1327052
7516647
570529
6955593
3711006
8063441
5670086
7311617
2100215
4895598
7526343
5319881
409594
8673215
5046050
3194742
2942759
6033547
6892977
2051209
1811456
2798617
7454025
3319590
4747026
5943854
3570105
683795
5111421
1677939
2736244
5717611
998386
5636526
4436491
9722880
706690
5311533
914001
1640183
9069342
6037603
4697098
4891474
8302229
798981
9506422
3639639
1322824
7246208
8361352
1793553
7108250
8059378
6656925
4837596
3437061
1539840
642787
4127811
8325218
2244134
6638622
3152644
7968959
8520606
4821080
5586998
4604299
9123136
8035231
9567960
8863959
462456
1601916
1234488
8133623
3633667
7102780
4905343
7206219
6674557
6028234
1131944
5710775
6230500
7906705
6958613
6266078
5246349
3442602
9427685
7064609
8075600
3088511
4817321
6823600
299635
6230938
186183
6851850
107500
5726437
9668014
1082235
8714199
9326808
6239748
6696449
8456736
9982094
6860674
7859729
3712563
3601675
4989047
2475937
8838261
3710892
2040734
6760980
1311087
6721492
6756909
2358783
5599563
8837514
4306897
7056478
5054175
352567
8478806
6638565
6759315
136870
7517786
2584337
8675577
3931399
8213089
3057993
9356273
1876385
7585016
480429
1416395
4831496
1149689
7073607
4101705
4417485
6852641
8260706
9986689
8766691
8091488
4369870
7375590
9854793
6151670
9664705
2141896
9884319
951110
6172004
1389660
2751591
3846665
3312769
7249895
8976727
2919105
6590439
8450906
478034
7881493
6233690
1599223
5156571
784491
5994311
2481562
3013388
6862001
7812416
8669393
737036
4449643
1697922
7457043
3630316
4785804
7823610
4716257
696488
7138317
358338
7991081
1389098
2445973
2695831
7729141
2506292
4380713
6731831
5870598
418846
7687778
3209494
9594928
9265119
3894878
3237504
9673023
9696867
5471247
6712839
8964972
4490031
4823192
6199985
7872482
3321793
6876094
8516816
4508635
8618156
670409
1056487
7336607
1464585
1000312
7494260
5945623
4222914
1119529
4068461
7472149
1331124
5357633
9907354
2696191
3528420
2119042
3632371
894670
4006155
3011687
4819103
6859534
2098617
3983622
1071310
717678
8621550
5993345
1687554
1514721
2070708
2548077
8896456
8811847
1794675
3248080
550386
2218625
9737979
4677287
5800979
9346666
4663045
7196
9771774
3175207
7414018
3463294
9159086
2556653
7644324
1259394
8358844
1657833
6727417
7361086
2296525
4441989
9994939
5293335
4412047
9533164
7710461
2092514
4990275
6696204
3994819
1066078
32244
8590817
1625011
5060368
9704212
5786500
3337985
3097531
6395581
4835138
1270984
4988670
3285410
8329451
9260115
2737142
9040023
361496
9096674
7874246
9094336
2201575
6648788
352969
2328159
250082
6737517
2381599
9779983
7288392
8598323
1225143
4109095
3660710
277943
532413
2802875
5537462
3155434
3489419
7324385
6470365
8659140
2738069
3930682
8929152
6271631
6066294
1973875
9127787
1662897
8848320
3837946
2584342
1706834
8285132
3073896
9917520
4215880
7379738
2998019
164235
2515647
9608043
245092
3340653
2052861
6405633
9263953
797243
6589204
9832244
249753
8197189
340816
1197621
6559276
9712123
374249
725868
9998486
121370
1066208
961712
9010486
8004438
2715260
5828287
6607074
4935612
1602937
8632051
723950
4936530
1987477
3784303
9501428
7159470
5242961
6055334
7777849
5887852
669812
1098531
5999982
5209617
1830096
1919472
2594245
5876380
8538447
6505051
1774046
7275510
7647066
1991651
1184967
9992998
1805880
6492478
789857
3990831
7195052
3572031
755326
3470247
7278634
9568775
6312514
4007317
7843318
4497402
680350
5982952
472841
4739350
4275116
7251296
2514061
7016460
4988907
2999005
8676083
7740462
9123097
9933404
7527665
4880181
7936457
5218875
642199
653166
6474937
3117185
3509952
6134914
249141
5190792
3703024
7786062
1973938
7383758
6221501
5909120
8858606
9476186
3790516
1911087
6705793
6864505
6907733
3126635
4345402
5880555
9571748
7150720
2288382
4192304
5745384
6661712
511979
1485267
732777
9616950
9635390
1285677
6974254
3005204
3109053
958518
3877355
7979182
8715220
6318430
4363665
5448673
7736866
5029427
6854311
1940858
1989214
7992516
8762883
7223777
3847665
8850550
8356230
8171694
9222298
9053203
361332
573916
3940614
1665992
1610851
5330232
5684071
2915649
7943170
163721
610715
3747510
8754402
9167498
8298214
338958
4511715
9010975
7572789
1862848
9809821
5336835
1762458
4850411
5786056
6233532
5639800
6562179
1471308
1509537
8580704
8737630
6021114
6031049
7812319
5378933
4087065
3398577
327673
6844036
1913326
6331314
8462396
9601470
6830938
6567249
2183492
4575115
9304259
6881523
2578602
1618438
9568018
3585955
2308238
4497566
7283907
806017
1382257
8506311
7964929
4425379
7353809
8976197
4028486
6529057
6114773
9820368
7404481
3519366
1583571
2268331
8591440
5765194
9055786
4928271
8361213
8408293
767927
3936565
9762462
5894648
8016734
5578891
5299621
2081256
3174421
8289793
1281171
2013485
835114
5573121
2002171
2819037
1273018
4462678
500400
2641971
9851479
1079663
7584667
3967046
4477257
1928907
3653709
5691506
7569337
9399126
5371050
8736021
8724362
7088349
4412100
248817
7191931
5173819
6818195
9202365
4097439
1778146
4895823
942153
1487296
638853
5270080
7268696
42474
6015764
8828789
1282966
9504777
9218262
1665318
9813184
2155779
1037666
4118170
8227355
4845657
8637712
8363083
5432745
9746828
7825012
8702775
8977030
4623479
9031993
757944
1996362
7929227
7119760
6886826
1152979
1209751
4392109
484599
6351660
1849375
1292012
638599
7158318
7356193
5253077
6453065
2007440
2707274
6223923
2585456
7416832
5162803
6977715
5503755
6119912
4571013
9344779
4027985
855163
1433538
2732819
161220
2225414
5173258
6393198
6251012
6852313
2507189
4910047
5061522
5110810
2233926
5765180
2384470
2980282
2989101
9617022
2487979
116638
5668935
1843163
1478097
1450319
8739216
433933
4646552
5716765
5190750
1956400
4634731
2047402
3601753
2456213
9578559
5676251
7187965
9615561
1859060
9144027
9843251
3233794
3225390
745641
1334589
1343648
2927660
4657817
4789347
429336
1946358
2989552
3998011
5251432
8188237
2212839
8000483
4037841
7742065
8818870
2132883
2159794
4705076
2051905
3058970
6276026
4614295
7166677
4741238
7742196
6512833
9697863
5396997
9768222
7403366
4194672
8656462
9886876
4423618
3275099
199488
9734298
6666152
5379696
1745092
4358099
4845386
5186623
543375
9249978
1153280
527044
9970029
6721275
3234058
2106847
2100956
8431914
1678466
2666136
734332
103341
6835925
9634856
1119773
939504
9083605
7826830
9850736
2485425
8640913
8910542
8058876
567441
3790033
887728
4479032
7075439
3367091
6437007
7775808
1340121
1479866
1585586
4858650
3983564
5456218
1143158
6461216
1550063
4990835
1180653
1272609
136430
2590457
6117425
7001089
9869764
3913645
2090519
4031986
3412432
1253409
2018349
7013332
6458899
65794
1819304
1759658
3910603
4017447
2633255
8978302
6414557
2596843
9539500
3444482
1032751
3858348
6196435
417184
7066953
3702271
2487170
5690456
1505339
1564086
1750201
9813799
6955044
8593275
5049791
4549277
1086312
6291593
6684971
1592565
8603086
4254776
5045286
5548091
115484
4314742
2212635
2374688
1869940
5606812
2029398
1466395
7385354
3877958
423648
1841522
9747209
1828105
5629490
1072005
6567325
6972314
1835123
3333944
8746035
2101845
8350142
6698106
8858809
1615874
1013048
5905294
9157746
1648448
3380273
8365667
8792174
6418073
658002
8810102
600609
1940674
8889907
7119201
6561713
961441
5277670
1175129
2860013
2493554
7972258
5624500
8282176
377698
8577536
8873857
4902273
4346119
3741012
2324937
7187883
7419226
6093887
2140796
431338
5868162
9618513
9065644
2338032
4186264
6823844
7338725
256755
5446771
3691649
8083611
6017762
1819254
8649263
7225857
3991490
9329092
7474742
1797319
526304
4849825
7421608
6465893
4795170
1840040
9068507
9365066
8638977
2722445
554190
2345358
7410544
7936954
9921268
2694032
6763694
3980176
6048226
5285728
7177999
1640038
825941
6327327
9270506
3558935
8725978
7203888
1844487
495771
9204838
4448895
451720
2176928
3003969
8345286
9605912
4756826
700902
772778
3970101
803657
3211314
4156767
5910550
6426023
7369813
557990
1918519
4949934
617454
2719464
6742954
6133078
6837636
4335247
9242596
7625956
8212503
629370
8282418
6375241
8031004
9808138
2151170
123904
6706828
8179982
1591479
7448018
5129626
8281789
2184078
606141
7870936
7463903
5631691
8643899
2819520
1519313
8938563
4021391
1812561
2382415
8074157
9041243
114765
5929723
6313846
2249711
8877922
5139158
3871824
7141006
7938368
9005425
5976855
978412
2186107
8892871
2535726
7472238
8390636
1407276
9994987
4340822
7811996
8590500
894190
2688906
703818
9093936
2562140
630219
5075721
4163653
7590861
5571231
7065458
5085124
958956
24850
1431984
4367442
4371393
6683947
7980058
8080123
5422046
4345667
1404709
8887556
8116820
7987907
6453149
2602705
3036364
9962811
1612523
4595809
9015086
3197257
6183441
2704837
9848795
2469590
9332198
3944199
8494321
7082454
7063121
8018178
346315
6517730
8110102
1012744
1374943
6963418
5524036
91509
9665818
2476915
2059036
4344233
6976433
7593021
628597
433917
5818915
9826204
1910657
2298600
7523962
9835269
5349362
7860130
1384625
7168791
5255705
5702480
2334033
7214747
1237504
1737215
2626464
9328625
8772437
2526338
8577686
1876194
1618629
759026
781770
6074916
8782097
6655321
3322491
9416753
2624343
8691162
2616302
4511193
617689
8029220
6453014
7086570
4576473
1690290
4272555
1693497
4359664
6308485
9134980
6644349
4353971
2431174
352384
3532618
4930652
3755791
9666736
158866
7043559
6090267
481439
6056003
7324924
9095334
5592868
872563
5579673
2771716
9014044
9542682
3096942
9308067
2747092
8600935
4633091
9535843
1012582
9752282
2020772
46954
6553864
3155789
2254767
8747431
781769
6342142
6249943
1862564
5281737
349221
1508293
5062841
4506651
595461
1132725
2862890
3373932
3896371
8532694
5299151
3541201
1561396
7621146
8277239
6693625
5746439
1926456
5466192
2864916
2300639
3163996
6054385
4098174
8770201
8905313
4075668
544661
6507716
6967260
6740646
3009971
4455615
2662078
3250927
717131
4769843
9623326
4570384
7320898
2558845
635210
4431822
1427639
6507507
8157420
4781986
8395573
6070319
2677738
4816134
8187764
2702311
1928555
7700966
4580012
146265
1048213
5042667
9292169
5093605
866060
8683462
773102
3063838
3064067
7257171
7919064
685820
1563904
602632
1161356
3455461
9367049
3540851
122114
3510914
847202
8506054
9770468
1314215
3574753
2314787
533239
9822699
6201266
5981803
1122874
920451
196163
5408749
9638062
1159243
6728063
5350021
6238888
1643584
7440742
9781160
8779792
5307716
3599187
487762
8965803
8570912
9096880
59731
9308110
6903894
6924626
1044420
7916583
3609867
4578269
3791081
5643022
6318866
2881536
602104
8887316
607966
2293344
8658400
3747626
396195
6887523
8945880
7590910
3953511
4237369
1441077
2727496
875297
5811067
8152003
3021078
619356
6058967
6818197
1764877
4311139
2277387
707265
3044194
3835263
2555195
633326
6256799
5668665
2788874
4718734
870254
1511482
6131429
184579
5626466
3734622
6303678
1462941
4370101
7022299
655723
5357007
5013872
4349340
563526
7490286
8013618
5670059
2823447
2516813
2880310
8770510
3376035
616408
8295826
556751
4736871
2336776
9616363
8709858
3011974
9777278
1147613
7716647
540715
4705238
9865614
9153223
7774137
2250778
1141643
5536800
4607706
3449106
5907653
6778126
9139063
9562035
2974555
123982
1617958
28884
3231952
5948288
9226100
9282534
8175606
7749517
3523886
654413
760718
9284311
1909433
5856742
7780818
2181624
5122089
3379604
5691781
4412905
8551896
3720011
1709575
3694507
6331303
5603999
1522491
5515585
7183038
9343340
7842675
9966328
3853937
3190928
6048894
2751277
6822719
7172004
9458264
6507427
3066863
9371935
4831221
6068655
6726118
259917
6733566
5093633
7153777
4078446
6863862
9260470
9167480
5149143
3540598
8359227
4528856
6218607
4319838
9862636
3482830
4190734
3367468
2482225
7776627
4151094
5556867
2371173
8555993
3923017
8831127
8832386
5353680
5467977
2965659
2426147
5614932
381702
2575984
9030501
3728737
3664576
3103536
5943674
7578683
4218655
8991893
970557
2134163
5843916
1388602
4079523
1924471
3406150
4057667
323946
9548268
2069455
1805624
4112213
4380087
418820
394989
14595
6969752
389851
3299428
696919
8037403
1143852
3402595
9426215
3881132
3642622
7156575
9702820
3258860
9532387
1631946
6306760
2651904
1091180
6074176
7077633
2541252
497230
5716177
7594311
6603982
2894002
4201067
7652609
3362296
3899537
9429737
9691169
5556326
3703264
2902118
3180760
233900
6576594
3701728
6691028
8613380
8555670
5056966
5835848
5057868
9852620
7060581
1170284
2001151
9049997
8364857
9388404
3670587
5162490
9770844
9364970
8228114
3522534
224929
3093247
5756610
2726457
8345556
6734631
3328497
1734951
5629548
4651377
4037698
4041263
1168304
5719376
2586031
8365506
1011572
427746
9556842
6432618
2061445
1219143
5143665
9424375
7800283
4392881
8382401
4164103
1090274
3851623
7307114
4990191
4427063
132403
9257625
316372
181549
7365231
7998788
6399079
4153580
2003787
8293772
2580751
8364408
3167305
9985166
1865376
611475
8125704
4895326
449514
8236055
9422600
2374063
7702857
3610144
6324706
7097389
6854235
4265284
2468131
7455010
3367104
7848369
1924557
1092269
2781962
5949256
6799533
3689566
7724980
6490562
3759258
4952224
2746080
4036554
3725319
3479716
9370425
7765436
6434096
1825103
7369237
4051478
559267
6638464
3428274
5663627
2577650
1454993
3046824
5672362
7706749
8574766
8152843
4860159
9893016
2143049
4219562
2184673
5857813
2137669
3580501
4266712
7958535
9237635
720502
9331931
3905316
5308658
2402181
845048
9927914
5221348
5109773
6049975
2273312
7214347
3226962
2136707
7435969
4783189
4076769
4162664
2820947
7715019
8467210
8959626
27803
1822031
585551
9324949
5147649
3874126
1300899
1251137
4961043
9434446
6336185
9297702
5556570
6440641
7502751
7519673
9933806
2411445
5918691
8926665
2708923
419674
5229025
9377101
9583100
1090782
9614723
7161271
3291961
6872714
5736338
1957088
3736844
7527623
6581101
1818372
4014812
8739238
8376859
4853672
3050568
6437357
8859313
1884270
7249842
8218129
1109629
6440373
1380069
1344904
7539708
7242592
8428758
7884894
38054
341455
4580051
6783645
5225760
952968
4466891
586658
5365891
4418696
5047888
6366556
5690076
3612865
5895555
6779656
159916
7134693
1450126
1472162
3664879
7016080
7926857
7177716
9713638
474619
1256749
6304901
480539
6389663
8158159
5100154
9165791
7912159
3149776
6320864
2781384
956119
4526116
2457687
9205195
8911031
6545475
306596
2628504
618041
8724191
7516558
8410322
3565725
314655
8633458
775701
4291952
7571745
8030767
8956121
1412473
5185083
7607282
9259240
9115572
2680513
4833250
3154209
2529061
7676955
5575670
8524680
315999
1944344
9924835
124801
5855234
34437
8287974
1973658
5331661
9334632
6579539
6774880
7596932
2006638
3079594
463622
7538248
341441
936737
4109151
1996674
2074351
3546089
1591604
105048
1319966
806064
1077868
7135733
781338
2283191
1833914
5977775
3824231
6505549
7650750
8569321
4950478
6957663
4095932
7862672
8524706
8400184
7625832
6305175
9411503
5864061
932645
4268149
1987169
7756349
7062441
8714050
3574697
6011188
6567979
8279031
2522080
6292227
7951809
3446542
9663985
9014882
3233186
9173451
6053497
1677300
8498916
1257673
8353942
4722127
6101412
9456600
9276564
5510058
8582514
1044484
113090
4682891
5285720
2596011
4268557
5067704
8526118
4749947
7752277
9026365
6871199
2399881
9874926
6168920
9855106
5736574
2214451
9948569
6548705
8156108
7447339
6298068
9248569
7895035
1380832
176479
5949979
8943481
8948530
8570315
4203223
9476748
1432804
6580436
5679044
1543902
3842776
2884643
1044034
2135385
7037110
3653318
6670194
3748565
9553561
5740716
3573335
962209
5065384
1568763
5374071
3054611
4750783
7796160
8230565
2269736
72925
9554800
380877
6992930
2567970
7359498
3157233
9713706
6454852
9981587
2208270
9807468
6735740
8573168
8128866
5133057
2148401
4696268
4371596
9700824
2612448
1442323
4716533
7875625
2926035
6514792
8208271
626146
4036352
8540577
896713
5800208
6968678
5152216
7879363
6613675
6627385
3071457
8720661
657434
7911163
2747339
9148466
9210881
2992290
3633488
7343963
7470251
4012144
9284221
2420728
8587822
758346
1569083
1798485
3402798
8312380
5236581
9241574
5088280
460933
1384061
5782679
5205553
170490
1701482
4184354
7284690
500067
1909131
8581578
2423228
1083464
100440
2361469
5967006
9695288
4932818
8452180
2587005
2192476
357507
2938590
2868360
8732391
8952095
4688774
4510264
678239
317476
5983146
2356482
5632312
1517250
5501368
8766294
1640110
2074877
7585505
387929
239028
8422917
2150780
7088559
6545319
4223467
3663827
748932
3993981
6952883
3763576
5417560
6099510
1243114
7554118
