-995641
-976694
-954020
-946246
-924173
-919057
-917941
-916979
-891645
-885433
-883897
-881317
-878796
-878548
-877585
-852192
-849540
-835988
-821820
-802238
-774199
-768134
-767531
-765869
-765558
-757861
-733011
-730187
-722647
-720287
-718738
-710176
-693141
-692969
-686599
-677317
-676775
-662304
-660014
-651814
-648879
-648166
-642375
-627434
-626252
-606797
-606419
-604673
-604283
-569561
-548958
-548696
-547921
-506204
-499331
-479837
-476312
-475557
-420375
-420246
-418093
-416359
-412184
-363039
-360096
-342500
-320843
-314582
-307370
-294912
-291316
-281549
-275609
-260090
-259880
-253553
-242037
-238926
-218005
-202921
-199119
-180357
-178329
-173915
-172043
-132710
-128805
-126085
-120642
-110279
-93852
-91155
-88209
-85230
-79861
-46245
-45691
-35600
-9940
6832
7118
22916
24064
54453
56204
65161
72563
74774
75249
96486
108407
110356
127613
145702
148340
163426
177394
202872
216072
222920
230688
256556
267813
274633
274929
275126
281483
288493
309254
313097
321594
322050
348681
355276
362341
377763
378582
399074
400080
406720
411338
418449
420871
420881
424755
430348
434117
442879
453355
455906
477183
493824
501199
511110
516858
519114
521068
534335
547387
549214
567197
568749
575891
575958
583035
589020
594060
603679
607339
617995
618630
626074
627496
642605
647856
684713
695053
699331
705550
708335
721512
723748
729570
745474
758550
774974
802860
805155
822385
849268
850051
851664
881550
884711
912113
914995
942473
944736
946418
977931
